27 28 0
26 27 0
26 28 0
27 28 1
26 27 1
26 28 1
27 28 2
26 27 2
26 28 2
27 28 3
26 27 3
26 28 3
27 28 4
26 27 4
26 28 4
27 28 5
26 27 5
26 28 5
27 28 6
26 27 6
26 28 6
27 28 7
26 27 7
26 28 7
27 28 8
26 27 8
26 28 8
27 28 9
26 27 9
26 28 9
27 28 10
26 27 10
26 28 10
27 28 11
26 27 11
26 28 11
27 28 12
26 27 12
26 28 12
27 28 13
26 27 13
26 28 13
27 28 14
26 27 14
26 28 14
27 28 15
26 27 15
26 28 15
27 28 16
26 27 16
26 28 16
27 28 17
26 27 17
26 28 17
27 28 18
26 27 18
26 28 18
27 28 19
26 27 19
26 28 19
27 28 20
26 27 20
26 28 20
27 28 21
26 27 21
26 28 21
27 28 22
26 27 22
26 28 22
27 28 23
26 27 23
26 28 23
27 28 24
26 27 24
26 28 24
27 28 25
26 27 25
26 28 25
27 28 26
26 27 26
26 28 26
27 28 27
26 27 27
26 28 27
27 28 28
26 27 28
26 28 28
27 28 29
26 27 29
26 28 29
27 28 30
26 27 30
26 28 30
27 28 31
26 27 31
26 28 31
27 28 32
26 27 32
26 28 32
27 28 33
26 27 33
26 28 33
27 28 34
26 27 34
26 28 34
27 28 35
26 27 35
26 28 35
27 28 36
26 27 36
26 28 36
27 28 37
26 27 37
26 28 37
27 28 38
26 27 38
26 28 38
27 28 39
26 27 39
26 28 39
27 28 40
26 27 40
26 28 40
27 28 41
26 27 41
26 28 41
27 28 42
26 27 42
26 28 42
27 28 43
26 27 43
26 28 43
27 28 44
26 27 44
26 28 44
27 28 45
26 27 45
26 28 45
27 28 46
26 27 46
26 28 46
27 28 47
26 27 47
26 28 47
27 28 48
26 27 48
26 28 48
27 28 49
26 27 49
26 28 49
27 28 50
26 27 50
26 28 50
27 28 51
26 27 51
26 28 51
27 28 52
26 27 52
26 28 52
27 28 53
26 27 53
26 28 53
27 28 54
26 28 54
27 28 55
26 28 55
27 28 56
26 28 56
27 28 57
26 28 57
27 28 58
26 28 58
27 28 59
26 28 59
27 28 60
26 28 60
27 28 61
26 28 61
27 28 62
26 28 62
27 28 63
26 28 63
27 28 64
26 28 64
27 28 65
26 28 65
27 28 66
26 28 66
27 28 67
26 28 67
27 28 68
26 28 68
27 28 69
26 28 69
27 28 70
26 28 70
27 28 71
26 28 71
27 28 72
26 28 72
27 28 73
26 28 73
27 28 74
26 28 74
27 28 75
26 28 75
27 28 76
26 28 76
27 28 77
26 28 77
27 28 78
26 28 78
27 28 79
26 28 79
27 28 80
26 28 80
27 28 81
26 28 81
27 28 82
26 28 82
27 28 83
27 28 84
27 28 85
27 28 86
27 28 87
27 28 88
27 28 89
27 28 90
27 28 91
27 28 92
27 28 93
27 28 94
27 28 95
27 28 96
27 28 97
27 28 98
27 28 99
27 28 100
27 28 101
27 28 102
27 28 103
27 28 104
27 28 105
27 28 106
27 28 107
27 28 108
27 28 109
27 28 110
27 28 111
27 28 112
27 28 113
27 28 114
27 28 115
27 28 116
27 28 117
27 28 118
27 28 119
27 28 120
27 28 121
27 28 122
27 28 123
27 28 124
27 28 125
27 28 126
27 28 127
27 28 128
27 28 129
27 28 130
27 28 131
27 28 132
27 28 133
27 28 134
27 28 135
27 28 136
27 28 137
27 28 138
27 28 139
27 28 140
27 28 141
27 28 142
27 28 143
27 28 144
27 28 145
27 28 146
27 28 147
27 28 148
27 28 149
27 28 150
27 28 151
