# cycle i_ni i_router o_ni o_router vnet flit
1 13 13 35 17 0 8
1 17 17 25 7 0 8
1 7 7 33 15 0 8
1 15 15 34 16 0 8
1 16 16 22 4 0 8
1 4 4 19 1 0 8
1 1 1 29 11 0 8
1 11 11 28 10 0 8
1 10 10 23 5 0 8
1 5 5 21 3 0 8
1 3 3 24 6 0 8
1 6 6 26 8 0 8
1 8 8 27 9 0 8
1 9 9 20 2 0 8
1 2 2 18 0 0 8
1 0 0 32 14 0 8
9 13 13 35 17 0 8
9 17 17 25 7 0 8
9 7 7 33 15 0 8
9 15 15 34 16 0 8
9 16 16 22 4 0 8
9 4 4 19 1 0 8
9 1 1 29 11 0 8
9 11 11 28 10 0 8
9 10 10 23 5 0 8
9 5 5 21 3 0 8
9 3 3 24 6 0 8
9 6 6 26 8 0 8
9 8 8 27 9 0 8
9 9 9 20 2 0 8
9 2 2 18 0 0 8
9 0 0 32 14 0 8
17 13 13 35 17 0 8
17 17 17 25 7 0 8
17 7 7 33 15 0 8
17 15 15 34 16 0 8
17 16 16 22 4 0 8
17 4 4 19 1 0 8
17 1 1 29 11 0 8
17 11 11 28 10 0 8
17 10 10 23 5 0 8
17 5 5 21 3 0 8
17 3 3 24 6 0 8
17 6 6 26 8 0 8
17 8 8 27 9 0 8
17 9 9 20 2 0 8
17 2 2 18 0 0 8
17 0 0 32 14 0 8
25 13 13 35 17 0 8
25 17 17 25 7 0 8
25 7 7 33 15 0 8
25 15 15 34 16 0 8
25 16 16 22 4 0 8
25 4 4 19 1 0 8
25 1 1 29 11 0 8
25 11 11 28 10 0 8
25 10 10 23 5 0 8
25 5 5 21 3 0 8
25 3 3 24 6 0 8
25 6 6 26 8 0 8
25 8 8 27 9 0 8
25 9 9 20 2 0 8
25 2 2 18 0 0 8
25 0 0 32 14 0 8
33 13 13 35 17 0 8
33 17 17 25 7 0 8
33 7 7 33 15 0 8
33 15 15 34 16 0 8
33 16 16 22 4 0 8
33 4 4 19 1 0 8
33 1 1 29 11 0 8
33 11 11 28 10 0 8
33 10 10 23 5 0 8
33 5 5 21 3 0 8
33 3 3 24 6 0 8
33 6 6 26 8 0 8
33 8 8 27 9 0 8
33 9 9 20 2 0 8
33 2 2 18 0 0 8
33 0 0 32 14 0 8
41 13 13 35 17 0 8
41 17 17 25 7 0 8
41 7 7 33 15 0 8
41 15 15 34 16 0 8
41 16 16 22 4 0 8
41 4 4 19 1 0 8
41 1 1 29 11 0 8
41 11 11 28 10 0 8
41 10 10 23 5 0 8
41 5 5 21 3 0 8
41 3 3 24 6 0 8
41 6 6 26 8 0 8
41 8 8 27 9 0 8
41 9 9 20 2 0 8
41 2 2 18 0 0 8
41 0 0 32 14 0 8
49 13 13 35 17 0 8
49 17 17 25 7 0 8
49 7 7 33 15 0 8
49 15 15 34 16 0 8
49 16 16 22 4 0 8
49 4 4 19 1 0 8
49 1 1 29 11 0 8
49 11 11 28 10 0 8
49 10 10 23 5 0 8
49 5 5 21 3 0 8
49 3 3 24 6 0 8
49 6 6 26 8 0 8
49 8 8 27 9 0 8
49 9 9 20 2 0 8
49 2 2 18 0 0 8
49 0 0 32 14 0 8
57 13 13 35 17 0 8
57 17 17 25 7 0 8
57 7 7 33 15 0 8
57 15 15 34 16 0 8
57 16 16 22 4 0 8
57 4 4 19 1 0 8
57 1 1 29 11 0 8
57 11 11 28 10 0 8
57 10 10 23 5 0 8
57 5 5 21 3 0 8
57 3 3 24 6 0 8
57 6 6 26 8 0 8
57 8 8 27 9 0 8
57 9 9 20 2 0 8
57 2 2 18 0 0 8
57 0 0 32 14 0 8
65 13 13 35 17 0 8
65 17 17 25 7 0 8
65 7 7 33 15 0 8
65 15 15 34 16 0 8
65 16 16 22 4 0 8
65 4 4 19 1 0 8
65 1 1 29 11 0 8
65 11 11 28 10 0 8
65 10 10 23 5 0 8
65 5 5 21 3 0 8
65 3 3 24 6 0 8
65 6 6 26 8 0 8
65 8 8 27 9 0 8
65 9 9 20 2 0 8
65 2 2 18 0 0 8
65 0 0 32 14 0 8
73 13 13 35 17 0 8
73 17 17 25 7 0 8
73 7 7 33 15 0 8
73 15 15 34 16 0 8
73 16 16 22 4 0 8
73 4 4 19 1 0 8
73 1 1 29 11 0 8
73 11 11 28 10 0 8
73 10 10 23 5 0 8
73 5 5 21 3 0 8
73 3 3 24 6 0 8
73 6 6 26 8 0 8
73 8 8 27 9 0 8
73 9 9 20 2 0 8
73 2 2 18 0 0 8
73 0 0 32 14 0 8
81 13 13 35 17 0 8
81 17 17 25 7 0 8
81 7 7 33 15 0 8
81 15 15 34 16 0 8
81 16 16 22 4 0 8
81 4 4 19 1 0 8
81 1 1 29 11 0 8
81 11 11 28 10 0 8
81 10 10 23 5 0 8
81 5 5 21 3 0 8
81 3 3 24 6 0 8
81 6 6 26 8 0 8
81 8 8 27 9 0 8
81 9 9 20 2 0 8
81 2 2 18 0 0 8
89 13 13 35 17 0 8
89 17 17 25 7 0 8
89 7 7 33 15 0 8
89 15 15 34 16 0 8
89 16 16 22 4 0 8
89 4 4 19 1 0 8
89 1 1 29 11 0 8
89 11 11 28 10 0 8
89 10 10 23 5 0 8
89 5 5 21 3 0 8
89 3 3 24 6 0 8
89 6 6 26 8 0 8
89 8 8 27 9 0 8
89 9 9 20 2 0 8
89 2 2 18 0 0 8
97 13 13 35 17 0 8
97 17 17 25 7 0 8
97 7 7 33 15 0 8
97 15 15 34 16 0 8
97 16 16 22 4 0 8
97 4 4 19 1 0 8
97 1 1 29 11 0 8
97 11 11 28 10 0 8
97 10 10 23 5 0 8
97 5 5 21 3 0 8
97 3 3 24 6 0 8
97 6 6 26 8 0 8
97 8 8 27 9 0 8
97 9 9 20 2 0 8
97 2 2 18 0 0 8
105 13 13 35 17 0 8
105 17 17 25 7 0 8
105 7 7 33 15 0 8
105 15 15 34 16 0 8
105 16 16 22 4 0 8
105 4 4 19 1 0 8
105 1 1 29 11 0 8
105 11 11 28 10 0 8
105 10 10 23 5 0 8
105 5 5 21 3 0 8
105 3 3 24 6 0 8
105 6 6 26 8 0 8
105 8 8 27 9 0 8
105 9 9 20 2 0 8
105 2 2 18 0 0 8
113 13 13 35 17 0 8
113 17 17 25 7 0 8
113 7 7 33 15 0 8
113 15 15 34 16 0 8
113 16 16 22 4 0 8
113 4 4 19 1 0 8
113 1 1 29 11 0 8
113 11 11 28 10 0 8
113 10 10 23 5 0 8
113 5 5 21 3 0 8
113 3 3 24 6 0 8
113 6 6 26 8 0 8
113 8 8 27 9 0 8
113 9 9 20 2 0 8
113 2 2 18 0 0 8
121 13 13 35 17 0 8
121 17 17 25 7 0 8
121 7 7 33 15 0 8
121 15 15 34 16 0 8
121 16 16 22 4 0 8
121 4 4 19 1 0 8
121 1 1 29 11 0 8
121 11 11 28 10 0 8
121 10 10 23 5 0 8
121 5 5 21 3 0 8
121 3 3 24 6 0 8
121 6 6 26 8 0 8
121 8 8 27 9 0 8
121 9 9 20 2 0 8
121 2 2 18 0 0 8
129 13 13 35 17 0 8
129 17 17 25 7 0 8
129 7 7 33 15 0 8
129 15 15 34 16 0 8
129 16 16 22 4 0 8
129 4 4 19 1 0 8
129 1 1 29 11 0 8
129 11 11 28 10 0 8
129 10 10 23 5 0 8
129 5 5 21 3 0 8
129 3 3 24 6 0 8
129 6 6 26 8 0 8
129 8 8 27 9 0 8
129 9 9 20 2 0 8
129 2 2 18 0 0 8
137 13 13 35 17 0 8
137 17 17 25 7 0 8
137 7 7 33 15 0 8
137 15 15 34 16 0 8
137 16 16 22 4 0 8
137 4 4 19 1 0 8
137 1 1 29 11 0 8
137 11 11 28 10 0 8
137 10 10 23 5 0 8
137 5 5 21 3 0 8
137 3 3 24 6 0 8
137 6 6 26 8 0 8
137 8 8 27 9 0 8
137 9 9 20 2 0 8
137 2 2 18 0 0 8
145 13 13 35 17 0 8
145 17 17 25 7 0 8
145 7 7 33 15 0 8
145 15 15 34 16 0 8
145 16 16 22 4 0 8
145 4 4 19 1 0 8
145 1 1 29 11 0 8
145 11 11 28 10 0 8
145 10 10 23 5 0 8
145 5 5 21 3 0 8
145 3 3 24 6 0 8
145 6 6 26 8 0 8
145 8 8 27 9 0 8
145 9 9 20 2 0 8
145 2 2 18 0 0 8
153 13 13 35 17 0 8
153 17 17 25 7 0 8
153 7 7 33 15 0 8
153 15 15 34 16 0 8
153 16 16 22 4 0 8
153 4 4 19 1 0 8
153 1 1 29 11 0 8
153 11 11 28 10 0 8
153 10 10 23 5 0 8
153 5 5 21 3 0 8
153 3 3 24 6 0 8
153 6 6 26 8 0 8
153 8 8 27 9 0 8
153 9 9 20 2 0 8
153 2 2 18 0 0 8
161 13 13 35 17 0 8
161 17 17 25 7 0 8
161 7 7 33 15 0 8
161 15 15 34 16 0 8
161 16 16 22 4 0 8
161 4 4 19 1 0 8
161 1 1 29 11 0 8
161 11 11 28 10 0 8
161 10 10 23 5 0 8
161 5 5 21 3 0 8
161 3 3 24 6 0 8
161 6 6 26 8 0 8
161 8 8 27 9 0 8
161 9 9 20 2 0 8
161 2 2 18 0 0 8
169 13 13 35 17 0 8
169 17 17 25 7 0 8
169 7 7 33 15 0 8
169 15 15 34 16 0 8
169 16 16 22 4 0 8
169 4 4 19 1 0 8
169 1 1 29 11 0 8
169 11 11 28 10 0 8
169 10 10 23 5 0 8
169 5 5 21 3 0 8
169 3 3 24 6 0 8
169 6 6 26 8 0 8
169 8 8 27 9 0 8
169 9 9 20 2 0 8
169 2 2 18 0 0 8
177 13 13 35 17 0 8
177 17 17 25 7 0 8
177 7 7 33 15 0 8
177 15 15 34 16 0 8
177 16 16 22 4 0 8
177 4 4 19 1 0 8
177 1 1 29 11 0 8
177 11 11 28 10 0 8
177 10 10 23 5 0 8
177 5 5 21 3 0 8
177 3 3 24 6 0 8
177 6 6 26 8 0 8
177 8 8 27 9 0 8
177 9 9 20 2 0 8
177 2 2 18 0 0 8
185 13 13 35 17 0 8
185 17 17 25 7 0 8
185 7 7 33 15 0 8
185 15 15 34 16 0 8
185 16 16 22 4 0 8
185 4 4 19 1 0 8
185 1 1 29 11 0 8
185 11 11 28 10 0 8
185 10 10 23 5 0 8
185 5 5 21 3 0 8
185 3 3 24 6 0 8
185 6 6 26 8 0 8
185 8 8 27 9 0 8
185 9 9 20 2 0 8
185 2 2 18 0 0 8
193 13 13 35 17 0 8
193 17 17 25 7 0 8
193 7 7 33 15 0 8
193 15 15 34 16 0 8
193 16 16 22 4 0 8
193 4 4 19 1 0 8
193 1 1 29 11 0 8
193 11 11 28 10 0 8
193 10 10 23 5 0 8
193 5 5 21 3 0 8
193 3 3 24 6 0 8
193 6 6 26 8 0 8
193 8 8 27 9 0 8
193 9 9 20 2 0 8
193 2 2 18 0 0 8
201 13 13 35 17 0 8
201 17 17 25 7 0 8
201 7 7 33 15 0 8
201 15 15 34 16 0 8
201 16 16 22 4 0 8
201 4 4 19 1 0 8
201 1 1 29 11 0 8
201 11 11 28 10 0 8
201 10 10 23 5 0 8
201 5 5 21 3 0 8
201 3 3 24 6 0 8
201 6 6 26 8 0 8
201 8 8 27 9 0 8
201 9 9 20 2 0 8
201 2 2 18 0 0 8
209 13 13 35 17 0 8
209 17 17 25 7 0 8
209 7 7 33 15 0 8
209 15 15 34 16 0 8
209 16 16 22 4 0 8
209 4 4 19 1 0 8
209 1 1 29 11 0 8
209 11 11 28 10 0 8
209 10 10 23 5 0 8
209 5 5 21 3 0 8
209 3 3 24 6 0 8
209 6 6 26 8 0 8
209 8 8 27 9 0 8
209 9 9 20 2 0 8
209 2 2 18 0 0 8
217 13 13 35 17 0 8
217 17 17 25 7 0 8
217 7 7 33 15 0 8
217 15 15 34 16 0 8
217 16 16 22 4 0 8
217 4 4 19 1 0 8
217 1 1 29 11 0 8
217 11 11 28 10 0 8
217 10 10 23 5 0 8
217 5 5 21 3 0 8
217 3 3 24 6 0 8
217 6 6 26 8 0 8
217 8 8 27 9 0 8
217 9 9 20 2 0 8
217 2 2 18 0 0 8
225 13 13 35 17 0 8
225 17 17 25 7 0 8
225 7 7 33 15 0 8
225 15 15 34 16 0 8
225 16 16 22 4 0 8
225 4 4 19 1 0 8
225 1 1 29 11 0 8
225 11 11 28 10 0 8
225 10 10 23 5 0 8
225 5 5 21 3 0 8
225 3 3 24 6 0 8
225 6 6 26 8 0 8
225 8 8 27 9 0 8
225 9 9 20 2 0 8
225 2 2 18 0 0 8
233 13 13 35 17 0 8
233 17 17 25 7 0 8
233 7 7 33 15 0 8
233 15 15 34 16 0 8
233 16 16 22 4 0 8
233 4 4 19 1 0 8
233 1 1 29 11 0 8
233 11 11 28 10 0 8
233 10 10 23 5 0 8
233 5 5 21 3 0 8
233 3 3 24 6 0 8
233 6 6 26 8 0 8
233 8 8 27 9 0 8
233 9 9 20 2 0 8
233 2 2 18 0 0 8
241 13 13 35 17 0 8
241 17 17 25 7 0 8
241 7 7 33 15 0 8
241 15 15 34 16 0 8
241 16 16 22 4 0 8
241 4 4 19 1 0 8
241 1 1 29 11 0 8
241 11 11 28 10 0 8
241 10 10 23 5 0 8
241 5 5 21 3 0 8
241 3 3 24 6 0 8
241 6 6 26 8 0 8
241 8 8 27 9 0 8
241 9 9 20 2 0 8
241 2 2 18 0 0 8
249 13 13 35 17 0 8
249 17 17 25 7 0 8
249 7 7 33 15 0 8
249 15 15 34 16 0 8
249 16 16 22 4 0 8
249 4 4 19 1 0 8
249 1 1 29 11 0 8
249 11 11 28 10 0 8
249 10 10 23 5 0 8
249 5 5 21 3 0 8
249 3 3 24 6 0 8
249 6 6 26 8 0 8
249 8 8 27 9 0 8
249 9 9 20 2 0 8
249 2 2 18 0 0 8
257 13 13 35 17 0 8
257 17 17 25 7 0 8
257 7 7 33 15 0 8
257 15 15 34 16 0 8
257 16 16 22 4 0 8
257 4 4 19 1 0 8
257 1 1 29 11 0 8
257 11 11 28 10 0 8
257 10 10 23 5 0 8
257 5 5 21 3 0 8
257 3 3 24 6 0 8
257 6 6 26 8 0 8
257 8 8 27 9 0 8
257 9 9 20 2 0 8
257 2 2 18 0 0 8
265 13 13 35 17 0 8
265 17 17 25 7 0 8
265 7 7 33 15 0 8
265 15 15 34 16 0 8
265 16 16 22 4 0 8
265 4 4 19 1 0 8
265 1 1 29 11 0 8
265 11 11 28 10 0 8
265 10 10 23 5 0 8
265 5 5 21 3 0 8
265 3 3 24 6 0 8
265 6 6 26 8 0 8
265 8 8 27 9 0 8
265 9 9 20 2 0 8
265 2 2 18 0 0 8
273 13 13 35 17 0 8
273 17 17 25 7 0 8
273 7 7 33 15 0 8
273 15 15 34 16 0 8
273 16 16 22 4 0 8
273 4 4 19 1 0 8
273 1 1 29 11 0 8
273 11 11 28 10 0 8
273 10 10 23 5 0 8
273 5 5 21 3 0 8
273 3 3 24 6 0 8
273 6 6 26 8 0 8
273 8 8 27 9 0 8
273 9 9 20 2 0 8
273 2 2 18 0 0 8
281 13 13 35 17 0 8
281 17 17 25 7 0 8
281 7 7 33 15 0 8
281 15 15 34 16 0 8
281 16 16 22 4 0 8
281 4 4 19 1 0 8
281 1 1 29 11 0 8
281 11 11 28 10 0 8
281 10 10 23 5 0 8
281 5 5 21 3 0 8
281 3 3 24 6 0 8
281 6 6 26 8 0 8
281 8 8 27 9 0 8
281 9 9 20 2 0 8
281 2 2 18 0 0 8
289 13 13 35 17 0 8
289 17 17 25 7 0 8
289 7 7 33 15 0 8
289 15 15 34 16 0 8
289 16 16 22 4 0 8
289 4 4 19 1 0 8
289 1 1 29 11 0 8
289 11 11 28 10 0 8
289 10 10 23 5 0 8
289 5 5 21 3 0 8
289 3 3 24 6 0 8
289 6 6 26 8 0 8
289 8 8 27 9 0 8
289 9 9 20 2 0 8
289 2 2 18 0 0 8
297 13 13 35 17 0 8
297 17 17 25 7 0 8
297 7 7 33 15 0 8
297 15 15 34 16 0 8
297 16 16 22 4 0 8
297 4 4 19 1 0 8
297 1 1 29 11 0 8
297 11 11 28 10 0 8
297 10 10 23 5 0 8
297 5 5 21 3 0 8
297 3 3 24 6 0 8
297 6 6 26 8 0 8
297 8 8 27 9 0 8
297 9 9 20 2 0 8
297 2 2 18 0 0 8
305 13 13 35 17 0 8
305 17 17 25 7 0 8
305 7 7 33 15 0 8
305 15 15 34 16 0 8
305 16 16 22 4 0 8
305 4 4 19 1 0 8
305 1 1 29 11 0 8
305 11 11 28 10 0 8
305 10 10 23 5 0 8
305 5 5 21 3 0 8
305 3 3 24 6 0 8
305 6 6 26 8 0 8
305 8 8 27 9 0 8
305 9 9 20 2 0 8
305 2 2 18 0 0 8
313 13 13 35 17 0 8
313 17 17 25 7 0 8
313 7 7 33 15 0 8
313 15 15 34 16 0 8
313 16 16 22 4 0 8
313 4 4 19 1 0 8
313 1 1 29 11 0 8
313 11 11 28 10 0 8
313 10 10 23 5 0 8
313 5 5 21 3 0 8
313 3 3 24 6 0 8
313 6 6 26 8 0 8
313 8 8 27 9 0 8
313 9 9 20 2 0 8
313 2 2 18 0 0 8
321 13 13 35 17 0 8
321 17 17 25 7 0 8
321 7 7 33 15 0 8
321 15 15 34 16 0 8
321 16 16 22 4 0 8
321 4 4 19 1 0 8
321 1 1 29 11 0 8
321 11 11 28 10 0 8
321 10 10 23 5 0 8
321 5 5 21 3 0 8
321 3 3 24 6 0 8
329 13 13 35 17 0 8
329 17 17 25 7 0 8
329 7 7 33 15 0 8
329 15 15 34 16 0 8
329 16 16 22 4 0 8
329 4 4 19 1 0 8
329 1 1 29 11 0 8
329 11 11 28 10 0 8
329 10 10 23 5 0 8
329 5 5 21 3 0 8
329 3 3 24 6 0 8
337 13 13 35 17 0 8
337 17 17 25 7 0 8
337 7 7 33 15 0 8
337 15 15 34 16 0 8
337 16 16 22 4 0 8
337 4 4 19 1 0 8
337 1 1 29 11 0 8
337 11 11 28 10 0 8
337 10 10 23 5 0 8
337 5 5 21 3 0 8
337 3 3 24 6 0 8
345 13 13 35 17 0 8
345 17 17 25 7 0 8
345 7 7 33 15 0 8
345 15 15 34 16 0 8
345 16 16 22 4 0 8
345 4 4 19 1 0 8
345 1 1 29 11 0 8
345 11 11 28 10 0 8
345 10 10 23 5 0 8
345 5 5 21 3 0 8
345 3 3 24 6 0 8
353 13 13 35 17 0 8
353 17 17 25 7 0 8
353 7 7 33 15 0 8
353 15 15 34 16 0 8
353 16 16 22 4 0 8
353 4 4 19 1 0 8
353 1 1 29 11 0 8
353 11 11 28 10 0 8
353 10 10 23 5 0 8
353 5 5 21 3 0 8
353 3 3 24 6 0 8
361 13 13 35 17 0 8
361 17 17 25 7 0 8
361 7 7 33 15 0 8
361 15 15 34 16 0 8
361 16 16 22 4 0 8
361 4 4 19 1 0 8
361 1 1 29 11 0 8
361 11 11 28 10 0 8
361 10 10 23 5 0 8
361 5 5 21 3 0 8
361 3 3 24 6 0 8
369 13 13 35 17 0 8
369 17 17 25 7 0 8
369 7 7 33 15 0 8
369 15 15 34 16 0 8
369 16 16 22 4 0 8
369 4 4 19 1 0 8
369 1 1 29 11 0 8
369 11 11 28 10 0 8
369 10 10 23 5 0 8
369 5 5 21 3 0 8
369 3 3 24 6 0 8
377 13 13 35 17 0 8
377 17 17 25 7 0 8
377 7 7 33 15 0 8
377 15 15 34 16 0 8
377 16 16 22 4 0 8
377 4 4 19 1 0 8
377 1 1 29 11 0 8
377 11 11 28 10 0 8
377 10 10 23 5 0 8
377 5 5 21 3 0 8
377 3 3 24 6 0 8
385 13 13 35 17 0 8
385 17 17 25 7 0 8
385 7 7 33 15 0 8
385 15 15 34 16 0 8
385 16 16 22 4 0 8
385 4 4 19 1 0 8
385 1 1 29 11 0 8
385 11 11 28 10 0 8
385 10 10 23 5 0 8
385 5 5 21 3 0 8
385 3 3 24 6 0 8
393 13 13 35 17 0 8
393 17 17 25 7 0 8
393 7 7 33 15 0 8
393 15 15 34 16 0 8
393 16 16 22 4 0 8
393 4 4 19 1 0 8
393 1 1 29 11 0 8
393 11 11 28 10 0 8
393 10 10 23 5 0 8
393 5 5 21 3 0 8
393 3 3 24 6 0 8
401 13 13 35 17 0 8
401 17 17 25 7 0 8
401 7 7 33 15 0 8
401 15 15 34 16 0 8
401 16 16 22 4 0 8
401 4 4 19 1 0 8
401 1 1 29 11 0 8
401 11 11 28 10 0 8
401 10 10 23 5 0 8
401 5 5 21 3 0 8
401 3 3 24 6 0 8
409 13 13 35 17 0 8
409 17 17 25 7 0 8
409 7 7 33 15 0 8
409 15 15 34 16 0 8
409 16 16 22 4 0 8
409 4 4 19 1 0 8
409 1 1 29 11 0 8
409 11 11 28 10 0 8
409 10 10 23 5 0 8
409 5 5 21 3 0 8
409 3 3 24 6 0 8
417 13 13 35 17 0 8
417 17 17 25 7 0 8
417 7 7 33 15 0 8
417 15 15 34 16 0 8
417 16 16 22 4 0 8
417 4 4 19 1 0 8
417 1 1 29 11 0 8
417 11 11 28 10 0 8
417 10 10 23 5 0 8
417 5 5 21 3 0 8
417 3 3 24 6 0 8
425 13 13 35 17 0 8
425 17 17 25 7 0 8
425 7 7 33 15 0 8
425 15 15 34 16 0 8
425 16 16 22 4 0 8
425 4 4 19 1 0 8
425 1 1 29 11 0 8
425 11 11 28 10 0 8
425 10 10 23 5 0 8
425 5 5 21 3 0 8
425 3 3 24 6 0 8
433 13 13 35 17 0 8
433 17 17 25 7 0 8
433 7 7 33 15 0 8
433 15 15 34 16 0 8
433 16 16 22 4 0 8
433 4 4 19 1 0 8
433 1 1 29 11 0 8
433 11 11 28 10 0 8
433 10 10 23 5 0 8
433 5 5 21 3 0 8
433 3 3 24 6 0 8
441 13 13 35 17 0 8
441 17 17 25 7 0 8
441 7 7 33 15 0 8
441 15 15 34 16 0 8
441 16 16 22 4 0 8
441 4 4 19 1 0 8
441 1 1 29 11 0 8
441 11 11 28 10 0 8
441 10 10 23 5 0 8
441 5 5 21 3 0 8
441 3 3 24 6 0 8
449 13 13 35 17 0 8
449 17 17 25 7 0 8
449 7 7 33 15 0 8
449 15 15 34 16 0 8
449 16 16 22 4 0 8
449 4 4 19 1 0 8
449 1 1 29 11 0 8
449 11 11 28 10 0 8
449 10 10 23 5 0 8
449 5 5 21 3 0 8
449 3 3 24 6 0 8
457 13 13 35 17 0 8
457 17 17 25 7 0 8
457 7 7 33 15 0 8
457 15 15 34 16 0 8
457 16 16 22 4 0 8
457 4 4 19 1 0 8
457 1 1 29 11 0 8
457 11 11 28 10 0 8
457 10 10 23 5 0 8
457 5 5 21 3 0 8
457 3 3 24 6 0 8
465 13 13 35 17 0 8
465 17 17 25 7 0 8
465 7 7 33 15 0 8
465 15 15 34 16 0 8
465 16 16 22 4 0 8
465 4 4 19 1 0 8
465 1 1 29 11 0 8
465 11 11 28 10 0 8
465 10 10 23 5 0 8
465 5 5 21 3 0 8
465 3 3 24 6 0 8
473 13 13 35 17 0 8
473 17 17 25 7 0 8
473 7 7 33 15 0 8
473 15 15 34 16 0 8
473 16 16 22 4 0 8
473 4 4 19 1 0 8
473 1 1 29 11 0 8
473 11 11 28 10 0 8
473 10 10 23 5 0 8
473 5 5 21 3 0 8
473 3 3 24 6 0 8
481 13 13 35 17 0 8
481 17 17 25 7 0 8
481 7 7 33 15 0 8
481 15 15 34 16 0 8
481 16 16 22 4 0 8
481 4 4 19 1 0 8
481 1 1 29 11 0 8
481 11 11 28 10 0 8
481 10 10 23 5 0 8
481 5 5 21 3 0 8
481 3 3 24 6 0 8
489 13 13 35 17 0 8
489 17 17 25 7 0 8
489 7 7 33 15 0 8
489 15 15 34 16 0 8
489 16 16 22 4 0 8
489 4 4 19 1 0 8
489 1 1 29 11 0 8
489 11 11 28 10 0 8
489 10 10 23 5 0 8
489 5 5 21 3 0 8
489 3 3 24 6 0 8
497 13 13 35 17 0 8
497 17 17 25 7 0 8
497 7 7 33 15 0 8
497 15 15 34 16 0 8
497 16 16 22 4 0 8
497 4 4 19 1 0 8
497 1 1 29 11 0 8
497 11 11 28 10 0 8
497 10 10 23 5 0 8
497 5 5 21 3 0 8
497 3 3 24 6 0 8
505 13 13 35 17 0 8
505 17 17 25 7 0 8
505 7 7 33 15 0 8
505 15 15 34 16 0 8
505 16 16 22 4 0 8
505 4 4 19 1 0 8
505 1 1 29 11 0 8
505 11 11 28 10 0 8
505 10 10 23 5 0 8
505 5 5 21 3 0 8
505 3 3 24 6 0 8
513 13 13 35 17 0 8
513 17 17 25 7 0 8
513 7 7 33 15 0 8
513 15 15 34 16 0 8
513 16 16 22 4 0 8
513 4 4 19 1 0 8
513 1 1 29 11 0 8
513 11 11 28 10 0 8
513 10 10 23 5 0 8
513 5 5 21 3 0 8
513 3 3 24 6 0 8
521 13 13 35 17 0 8
521 17 17 25 7 0 8
521 7 7 33 15 0 8
521 15 15 34 16 0 8
521 16 16 22 4 0 8
521 4 4 19 1 0 8
521 1 1 29 11 0 8
521 11 11 28 10 0 8
521 10 10 23 5 0 8
521 5 5 21 3 0 8
521 3 3 24 6 0 8
529 13 13 35 17 0 8
529 17 17 25 7 0 8
529 7 7 33 15 0 8
529 15 15 34 16 0 8
529 16 16 22 4 0 8
529 4 4 19 1 0 8
529 1 1 29 11 0 8
529 11 11 28 10 0 8
529 10 10 23 5 0 8
529 5 5 21 3 0 8
529 3 3 24 6 0 8
537 13 13 35 17 0 8
537 17 17 25 7 0 8
537 7 7 33 15 0 8
537 15 15 34 16 0 8
537 16 16 22 4 0 8
537 4 4 19 1 0 8
537 1 1 29 11 0 8
537 11 11 28 10 0 8
537 10 10 23 5 0 8
537 5 5 21 3 0 8
537 3 3 24 6 0 8
545 13 13 35 17 0 8
545 17 17 25 7 0 8
545 7 7 33 15 0 8
545 15 15 34 16 0 8
545 16 16 22 4 0 8
545 4 4 19 1 0 8
545 1 1 29 11 0 8
545 11 11 28 10 0 8
545 10 10 23 5 0 8
545 5 5 21 3 0 8
545 3 3 24 6 0 8
553 13 13 35 17 0 8
553 17 17 25 7 0 8
553 7 7 33 15 0 8
553 15 15 34 16 0 8
553 16 16 22 4 0 8
553 4 4 19 1 0 8
553 1 1 29 11 0 8
553 11 11 28 10 0 8
553 10 10 23 5 0 8
553 5 5 21 3 0 8
553 3 3 24 6 0 8
561 13 13 35 17 0 8
561 17 17 25 7 0 8
561 7 7 33 15 0 8
561 15 15 34 16 0 8
561 16 16 22 4 0 8
561 4 4 19 1 0 8
561 1 1 29 11 0 8
561 11 11 28 10 0 8
561 10 10 23 5 0 8
561 5 5 21 3 0 8
561 3 3 24 6 0 8
569 13 13 35 17 0 8
569 17 17 25 7 0 8
569 7 7 33 15 0 8
569 15 15 34 16 0 8
569 16 16 22 4 0 8
569 4 4 19 1 0 8
569 1 1 29 11 0 8
569 11 11 28 10 0 8
569 10 10 23 5 0 8
569 5 5 21 3 0 8
569 3 3 24 6 0 8
577 13 13 35 17 0 8
577 17 17 25 7 0 8
577 7 7 33 15 0 8
577 15 15 34 16 0 8
577 16 16 22 4 0 8
577 4 4 19 1 0 8
577 1 1 29 11 0 8
577 11 11 28 10 0 8
577 10 10 23 5 0 8
577 5 5 21 3 0 8
577 3 3 24 6 0 8
585 13 13 35 17 0 8
585 17 17 25 7 0 8
585 7 7 33 15 0 8
585 15 15 34 16 0 8
585 16 16 22 4 0 8
585 4 4 19 1 0 8
585 1 1 29 11 0 8
585 11 11 28 10 0 8
585 10 10 23 5 0 8
585 5 5 21 3 0 8
585 3 3 24 6 0 8
593 13 13 35 17 0 8
593 17 17 25 7 0 8
593 7 7 33 15 0 8
593 15 15 34 16 0 8
593 16 16 22 4 0 8
593 4 4 19 1 0 8
593 1 1 29 11 0 8
593 11 11 28 10 0 8
593 10 10 23 5 0 8
593 5 5 21 3 0 8
593 3 3 24 6 0 8
601 13 13 35 17 0 8
601 17 17 25 7 0 8
601 7 7 33 15 0 8
601 15 15 34 16 0 8
601 16 16 22 4 0 8
601 4 4 19 1 0 8
601 1 1 29 11 0 8
601 11 11 28 10 0 8
601 10 10 23 5 0 8
601 5 5 21 3 0 8
601 3 3 24 6 0 8
609 13 13 35 17 0 8
609 17 17 25 7 0 8
609 7 7 33 15 0 8
609 15 15 34 16 0 8
609 16 16 22 4 0 8
609 4 4 19 1 0 8
609 1 1 29 11 0 8
609 11 11 28 10 0 8
609 10 10 23 5 0 8
609 5 5 21 3 0 8
609 3 3 24 6 0 8
617 13 13 35 17 0 8
617 17 17 25 7 0 8
617 7 7 33 15 0 8
617 15 15 34 16 0 8
617 16 16 22 4 0 8
617 4 4 19 1 0 8
617 1 1 29 11 0 8
617 11 11 28 10 0 8
617 10 10 23 5 0 8
617 5 5 21 3 0 8
617 3 3 24 6 0 8
625 13 13 35 17 0 8
625 17 17 25 7 0 8
625 7 7 33 15 0 8
625 15 15 34 16 0 8
625 16 16 22 4 0 8
625 4 4 19 1 0 8
625 1 1 29 11 0 8
625 11 11 28 10 0 8
625 10 10 23 5 0 8
625 5 5 21 3 0 8
625 3 3 24 6 0 8
633 13 13 35 17 0 8
633 17 17 25 7 0 8
633 7 7 33 15 0 8
633 15 15 34 16 0 8
633 16 16 22 4 0 8
633 4 4 19 1 0 8
633 1 1 29 11 0 8
633 11 11 28 10 0 8
633 10 10 23 5 0 8
633 5 5 21 3 0 8
633 3 3 24 6 0 8
641 13 13 35 17 0 8
641 17 17 25 7 0 8
641 7 7 33 15 0 8
641 15 15 34 16 0 8
641 16 16 22 4 0 8
641 4 4 19 1 0 8
641 1 1 29 11 0 8
641 11 11 28 10 0 8
641 10 10 23 5 0 8
641 5 5 21 3 0 8
641 3 3 24 6 0 8
649 13 13 35 17 0 8
649 17 17 25 7 0 8
649 7 7 33 15 0 8
649 15 15 34 16 0 8
649 16 16 22 4 0 8
649 4 4 19 1 0 8
649 1 1 29 11 0 8
649 11 11 28 10 0 8
649 10 10 23 5 0 8
649 5 5 21 3 0 8
649 3 3 24 6 0 8
657 13 13 35 17 0 8
657 17 17 25 7 0 8
657 7 7 33 15 0 8
657 15 15 34 16 0 8
657 16 16 22 4 0 8
657 4 4 19 1 0 8
657 1 1 29 11 0 8
657 11 11 28 10 0 8
657 10 10 23 5 0 8
657 5 5 21 3 0 8
657 3 3 24 6 0 8
665 13 13 35 17 0 8
665 17 17 25 7 0 8
665 7 7 33 15 0 8
665 15 15 34 16 0 8
665 16 16 22 4 0 8
665 4 4 19 1 0 8
665 1 1 29 11 0 8
665 11 11 28 10 0 8
665 10 10 23 5 0 8
665 5 5 21 3 0 8
665 3 3 24 6 0 8
673 13 13 35 17 0 8
673 17 17 25 7 0 8
673 7 7 33 15 0 8
673 15 15 34 16 0 8
673 16 16 22 4 0 8
673 4 4 19 1 0 8
673 1 1 29 11 0 8
673 11 11 28 10 0 8
673 10 10 23 5 0 8
673 5 5 21 3 0 8
673 3 3 24 6 0 8
681 13 13 35 17 0 8
681 17 17 25 7 0 8
681 7 7 33 15 0 8
681 15 15 34 16 0 8
681 16 16 22 4 0 8
681 4 4 19 1 0 8
681 1 1 29 11 0 8
681 11 11 28 10 0 8
681 10 10 23 5 0 8
681 5 5 21 3 0 8
681 3 3 24 6 0 8
689 13 13 35 17 0 8
689 17 17 25 7 0 8
689 7 7 33 15 0 8
689 15 15 34 16 0 8
689 16 16 22 4 0 8
689 4 4 19 1 0 8
689 1 1 29 11 0 8
689 11 11 28 10 0 8
689 10 10 23 5 0 8
689 5 5 21 3 0 8
689 3 3 24 6 0 8
697 13 13 35 17 0 8
697 17 17 25 7 0 8
697 7 7 33 15 0 8
697 15 15 34 16 0 8
697 16 16 22 4 0 8
697 4 4 19 1 0 8
697 1 1 29 11 0 8
697 11 11 28 10 0 8
697 10 10 23 5 0 8
697 5 5 21 3 0 8
697 3 3 24 6 0 8
705 13 13 35 17 0 8
705 17 17 25 7 0 8
705 7 7 33 15 0 8
705 15 15 34 16 0 8
705 16 16 22 4 0 8
705 4 4 19 1 0 8
705 1 1 29 11 0 8
705 11 11 28 10 0 8
705 10 10 23 5 0 8
705 5 5 21 3 0 8
705 3 3 24 6 0 8
713 13 13 35 17 0 8
713 17 17 25 7 0 8
713 7 7 33 15 0 8
713 15 15 34 16 0 8
713 16 16 22 4 0 8
713 4 4 19 1 0 8
713 1 1 29 11 0 8
713 11 11 28 10 0 8
713 10 10 23 5 0 8
713 5 5 21 3 0 8
713 3 3 24 6 0 8
721 13 13 35 17 0 8
721 17 17 25 7 0 8
721 7 7 33 15 0 8
721 15 15 34 16 0 8
721 16 16 22 4 0 8
721 4 4 19 1 0 8
721 1 1 29 11 0 8
721 11 11 28 10 0 8
721 10 10 23 5 0 8
721 5 5 21 3 0 8
721 3 3 24 6 0 8
729 13 13 35 17 0 8
729 17 17 25 7 0 8
729 7 7 33 15 0 8
729 15 15 34 16 0 8
729 16 16 22 4 0 8
729 4 4 19 1 0 8
729 1 1 29 11 0 8
729 11 11 28 10 0 8
729 10 10 23 5 0 8
729 5 5 21 3 0 8
729 3 3 24 6 0 8
737 13 13 35 17 0 8
737 17 17 25 7 0 8
737 7 7 33 15 0 8
737 15 15 34 16 0 8
737 16 16 22 4 0 8
737 4 4 19 1 0 8
737 1 1 29 11 0 8
737 11 11 28 10 0 8
737 10 10 23 5 0 8
737 5 5 21 3 0 8
737 3 3 24 6 0 8
745 13 13 35 17 0 8
745 17 17 25 7 0 8
745 7 7 33 15 0 8
745 15 15 34 16 0 8
745 16 16 22 4 0 8
745 4 4 19 1 0 8
745 1 1 29 11 0 8
745 11 11 28 10 0 8
745 10 10 23 5 0 8
745 5 5 21 3 0 8
745 3 3 24 6 0 8
753 13 13 35 17 0 8
753 17 17 25 7 0 8
753 7 7 33 15 0 8
753 15 15 34 16 0 8
753 16 16 22 4 0 8
753 4 4 19 1 0 8
753 1 1 29 11 0 8
753 11 11 28 10 0 8
753 10 10 23 5 0 8
753 5 5 21 3 0 8
753 3 3 24 6 0 8
761 13 13 35 17 0 8
761 17 17 25 7 0 8
761 7 7 33 15 0 8
761 15 15 34 16 0 8
761 16 16 22 4 0 8
761 4 4 19 1 0 8
761 1 1 29 11 0 8
761 11 11 28 10 0 8
761 10 10 23 5 0 8
761 5 5 21 3 0 8
761 3 3 24 6 0 8
769 13 13 35 17 0 8
769 17 17 25 7 0 8
769 7 7 33 15 0 8
769 15 15 34 16 0 8
769 16 16 22 4 0 8
769 4 4 19 1 0 8
769 1 1 29 11 0 8
769 11 11 28 10 0 8
769 10 10 23 5 0 8
769 5 5 21 3 0 8
769 3 3 24 6 0 8
777 13 13 35 17 0 8
777 17 17 25 7 0 8
777 7 7 33 15 0 8
777 15 15 34 16 0 8
777 16 16 22 4 0 8
777 4 4 19 1 0 8
777 1 1 29 11 0 8
777 11 11 28 10 0 8
777 10 10 23 5 0 8
777 5 5 21 3 0 8
777 3 3 24 6 0 8
785 13 13 35 17 0 8
785 17 17 25 7 0 8
785 7 7 33 15 0 8
785 15 15 34 16 0 8
785 16 16 22 4 0 8
785 4 4 19 1 0 8
785 1 1 29 11 0 8
785 11 11 28 10 0 8
785 10 10 23 5 0 8
785 5 5 21 3 0 8
785 3 3 24 6 0 8
793 13 13 35 17 0 8
793 17 17 25 7 0 8
793 7 7 33 15 0 8
793 15 15 34 16 0 8
793 16 16 22 4 0 8
793 4 4 19 1 0 8
793 1 1 29 11 0 8
793 11 11 28 10 0 8
793 10 10 23 5 0 8
793 5 5 21 3 0 8
793 3 3 24 6 0 8
801 13 13 35 17 0 8
801 17 17 25 7 0 8
801 7 7 33 15 0 8
801 15 15 34 16 0 8
801 16 16 22 4 0 8
801 4 4 19 1 0 8
801 1 1 29 11 0 8
801 11 11 28 10 0 8
801 10 10 23 5 0 8
801 5 5 21 3 0 8
801 3 3 24 6 0 8
809 13 13 35 17 0 8
809 17 17 25 7 0 8
809 7 7 33 15 0 8
809 15 15 34 16 0 8
809 16 16 22 4 0 8
809 4 4 19 1 0 8
809 1 1 29 11 0 8
809 11 11 28 10 0 8
809 10 10 23 5 0 8
809 5 5 21 3 0 8
809 3 3 24 6 0 8
817 13 13 35 17 0 8
817 17 17 25 7 0 8
817 7 7 33 15 0 8
817 15 15 34 16 0 8
817 16 16 22 4 0 8
817 4 4 19 1 0 8
817 1 1 29 11 0 8
817 11 11 28 10 0 8
817 10 10 23 5 0 8
817 5 5 21 3 0 8
817 3 3 24 6 0 8
825 13 13 35 17 0 8
825 17 17 25 7 0 8
825 7 7 33 15 0 8
825 15 15 34 16 0 8
825 16 16 22 4 0 8
825 4 4 19 1 0 8
825 1 1 29 11 0 8
825 11 11 28 10 0 8
825 10 10 23 5 0 8
825 5 5 21 3 0 8
825 3 3 24 6 0 8
833 13 13 35 17 0 8
833 17 17 25 7 0 8
833 7 7 33 15 0 8
833 15 15 34 16 0 8
833 16 16 22 4 0 8
833 4 4 19 1 0 8
833 1 1 29 11 0 8
833 11 11 28 10 0 8
833 10 10 23 5 0 8
833 5 5 21 3 0 8
833 3 3 24 6 0 8
841 13 13 35 17 0 8
841 17 17 25 7 0 8
841 7 7 33 15 0 8
841 15 15 34 16 0 8
841 16 16 22 4 0 8
841 4 4 19 1 0 8
841 1 1 29 11 0 8
841 11 11 28 10 0 8
841 10 10 23 5 0 8
841 5 5 21 3 0 8
841 3 3 24 6 0 8
849 13 13 35 17 0 8
849 17 17 25 7 0 8
849 7 7 33 15 0 8
849 15 15 34 16 0 8
849 16 16 22 4 0 8
849 4 4 19 1 0 8
849 1 1 29 11 0 8
849 11 11 28 10 0 8
849 10 10 23 5 0 8
849 5 5 21 3 0 8
849 3 3 24 6 0 8
857 13 13 35 17 0 8
857 17 17 25 7 0 8
857 7 7 33 15 0 8
857 15 15 34 16 0 8
857 16 16 22 4 0 8
857 4 4 19 1 0 8
857 1 1 29 11 0 8
857 11 11 28 10 0 8
857 10 10 23 5 0 8
857 5 5 21 3 0 8
857 3 3 24 6 0 8
865 13 13 35 17 0 8
865 17 17 25 7 0 8
865 7 7 33 15 0 8
865 15 15 34 16 0 8
865 16 16 22 4 0 8
865 4 4 19 1 0 8
865 1 1 29 11 0 8
865 11 11 28 10 0 8
865 10 10 23 5 0 8
865 5 5 21 3 0 8
865 3 3 24 6 0 8
873 13 13 35 17 0 8
873 17 17 25 7 0 8
873 7 7 33 15 0 8
873 15 15 34 16 0 8
873 16 16 22 4 0 8
873 4 4 19 1 0 8
873 1 1 29 11 0 8
873 11 11 28 10 0 8
873 10 10 23 5 0 8
873 5 5 21 3 0 8
873 3 3 24 6 0 8
881 13 13 35 17 0 8
881 17 17 25 7 0 8
881 7 7 33 15 0 8
881 15 15 34 16 0 8
881 16 16 22 4 0 8
881 4 4 19 1 0 8
881 1 1 29 11 0 8
881 11 11 28 10 0 8
881 10 10 23 5 0 8
881 5 5 21 3 0 8
881 3 3 24 6 0 8
889 13 13 35 17 0 8
889 17 17 25 7 0 8
889 7 7 33 15 0 8
889 15 15 34 16 0 8
889 16 16 22 4 0 8
889 4 4 19 1 0 8
889 1 1 29 11 0 8
889 11 11 28 10 0 8
889 10 10 23 5 0 8
889 5 5 21 3 0 8
889 3 3 24 6 0 8
897 13 13 35 17 0 8
897 17 17 25 7 0 8
897 7 7 33 15 0 8
897 15 15 34 16 0 8
897 16 16 22 4 0 8
897 4 4 19 1 0 8
897 1 1 29 11 0 8
897 11 11 28 10 0 8
897 10 10 23 5 0 8
897 5 5 21 3 0 8
897 3 3 24 6 0 8
905 13 13 35 17 0 8
905 17 17 25 7 0 8
905 7 7 33 15 0 8
905 15 15 34 16 0 8
905 16 16 22 4 0 8
905 4 4 19 1 0 8
905 1 1 29 11 0 8
905 11 11 28 10 0 8
905 10 10 23 5 0 8
905 5 5 21 3 0 8
905 3 3 24 6 0 8
913 13 13 35 17 0 8
913 17 17 25 7 0 8
913 7 7 33 15 0 8
913 15 15 34 16 0 8
913 16 16 22 4 0 8
913 4 4 19 1 0 8
913 1 1 29 11 0 8
913 11 11 28 10 0 8
913 10 10 23 5 0 8
913 5 5 21 3 0 8
913 3 3 24 6 0 8
921 13 13 35 17 0 8
921 17 17 25 7 0 8
921 7 7 33 15 0 8
921 15 15 34 16 0 8
921 16 16 22 4 0 8
921 4 4 19 1 0 8
921 1 1 29 11 0 8
921 11 11 28 10 0 8
921 10 10 23 5 0 8
921 5 5 21 3 0 8
921 3 3 24 6 0 8
929 13 13 35 17 0 8
929 17 17 25 7 0 8
929 7 7 33 15 0 8
929 15 15 34 16 0 8
929 16 16 22 4 0 8
929 4 4 19 1 0 8
929 1 1 29 11 0 8
929 11 11 28 10 0 8
929 10 10 23 5 0 8
929 5 5 21 3 0 8
929 3 3 24 6 0 8
937 13 13 35 17 0 8
937 17 17 25 7 0 8
937 7 7 33 15 0 8
937 15 15 34 16 0 8
937 16 16 22 4 0 8
937 4 4 19 1 0 8
937 1 1 29 11 0 8
937 11 11 28 10 0 8
937 10 10 23 5 0 8
937 5 5 21 3 0 8
937 3 3 24 6 0 8
945 13 13 35 17 0 8
945 17 17 25 7 0 8
945 7 7 33 15 0 8
945 15 15 34 16 0 8
945 16 16 22 4 0 8
945 4 4 19 1 0 8
945 1 1 29 11 0 8
945 11 11 28 10 0 8
945 10 10 23 5 0 8
945 5 5 21 3 0 8
945 3 3 24 6 0 8
953 13 13 35 17 0 8
953 17 17 25 7 0 8
953 7 7 33 15 0 8
953 15 15 34 16 0 8
953 16 16 22 4 0 8
953 4 4 19 1 0 8
953 1 1 29 11 0 8
953 11 11 28 10 0 8
953 10 10 23 5 0 8
953 5 5 21 3 0 8
953 3 3 24 6 0 8
961 13 13 35 17 0 8
961 17 17 25 7 0 8
961 7 7 33 15 0 8
961 15 15 34 16 0 8
961 16 16 22 4 0 8
961 4 4 19 1 0 8
961 1 1 29 11 0 8
961 11 11 28 10 0 8
961 10 10 23 5 0 8
961 5 5 21 3 0 8
961 3 3 24 6 0 8
969 13 13 35 17 0 8
969 17 17 25 7 0 8
969 7 7 33 15 0 8
969 15 15 34 16 0 8
969 16 16 22 4 0 8
969 4 4 19 1 0 8
969 1 1 29 11 0 8
969 11 11 28 10 0 8
969 10 10 23 5 0 8
969 5 5 21 3 0 8
969 3 3 24 6 0 8
977 13 13 35 17 0 8
977 17 17 25 7 0 8
977 7 7 33 15 0 8
977 15 15 34 16 0 8
977 16 16 22 4 0 8
977 4 4 19 1 0 8
977 1 1 29 11 0 8
977 11 11 28 10 0 8
977 10 10 23 5 0 8
977 5 5 21 3 0 8
977 3 3 24 6 0 8
985 13 13 35 17 0 8
985 17 17 25 7 0 8
985 7 7 33 15 0 8
985 15 15 34 16 0 8
985 16 16 22 4 0 8
985 4 4 19 1 0 8
985 1 1 29 11 0 8
985 11 11 28 10 0 8
985 10 10 23 5 0 8
985 5 5 21 3 0 8
985 3 3 24 6 0 8
993 13 13 35 17 0 8
993 17 17 25 7 0 8
993 7 7 33 15 0 8
993 15 15 34 16 0 8
993 16 16 22 4 0 8
993 4 4 19 1 0 8
993 1 1 29 11 0 8
993 11 11 28 10 0 8
993 10 10 23 5 0 8
993 5 5 21 3 0 8
993 3 3 24 6 0 8
1001 13 13 35 17 0 8
1001 17 17 25 7 0 8
1001 7 7 33 15 0 8
1001 15 15 34 16 0 8
1001 16 16 22 4 0 8
1001 4 4 19 1 0 8
1001 1 1 29 11 0 8
1001 11 11 28 10 0 8
1001 10 10 23 5 0 8
1001 5 5 21 3 0 8
1001 3 3 24 6 0 8
1009 13 13 35 17 0 8
1009 17 17 25 7 0 8
1009 7 7 33 15 0 8
1009 15 15 34 16 0 8
1009 16 16 22 4 0 8
1009 4 4 19 1 0 8
1009 1 1 29 11 0 8
1009 11 11 28 10 0 8
1009 10 10 23 5 0 8
1009 5 5 21 3 0 8
1009 3 3 24 6 0 8
1017 13 13 35 17 0 8
1017 17 17 25 7 0 8
1017 7 7 33 15 0 8
1017 15 15 34 16 0 8
1017 16 16 22 4 0 8
1017 4 4 19 1 0 8
1017 1 1 29 11 0 8
1017 11 11 28 10 0 8
1017 10 10 23 5 0 8
1017 5 5 21 3 0 8
1017 3 3 24 6 0 8
1025 13 13 35 17 0 8
1025 17 17 25 7 0 8
1025 7 7 33 15 0 8
1025 15 15 34 16 0 8
1025 16 16 22 4 0 8
1025 4 4 19 1 0 8
1025 1 1 29 11 0 8
1025 11 11 28 10 0 8
1025 10 10 23 5 0 8
1025 5 5 21 3 0 8
1025 3 3 24 6 0 8
1033 13 13 35 17 0 8
1033 17 17 25 7 0 8
1033 7 7 33 15 0 8
1033 15 15 34 16 0 8
1033 16 16 22 4 0 8
1033 4 4 19 1 0 8
1033 1 1 29 11 0 8
1033 11 11 28 10 0 8
1033 10 10 23 5 0 8
1033 5 5 21 3 0 8
1033 3 3 24 6 0 8
1041 13 13 35 17 0 8
1041 17 17 25 7 0 8
1041 7 7 33 15 0 8
1041 15 15 34 16 0 8
1041 16 16 22 4 0 8
1041 4 4 19 1 0 8
1041 1 1 29 11 0 8
1041 11 11 28 10 0 8
1041 10 10 23 5 0 8
1041 5 5 21 3 0 8
1041 3 3 24 6 0 8
1049 13 13 35 17 0 8
1049 17 17 25 7 0 8
1049 7 7 33 15 0 8
1049 15 15 34 16 0 8
1049 16 16 22 4 0 8
1049 4 4 19 1 0 8
1049 1 1 29 11 0 8
1049 11 11 28 10 0 8
1049 10 10 23 5 0 8
1049 5 5 21 3 0 8
1049 3 3 24 6 0 8
1057 13 13 35 17 0 8
1057 17 17 25 7 0 8
1057 7 7 33 15 0 8
1057 15 15 34 16 0 8
1057 16 16 22 4 0 8
1057 4 4 19 1 0 8
1057 1 1 29 11 0 8
1057 11 11 28 10 0 8
1057 10 10 23 5 0 8
1057 5 5 21 3 0 8
1057 3 3 24 6 0 8
1065 13 13 35 17 0 8
1065 17 17 25 7 0 8
1065 7 7 33 15 0 8
1065 15 15 34 16 0 8
1065 16 16 22 4 0 8
1065 4 4 19 1 0 8
1065 1 1 29 11 0 8
1065 11 11 28 10 0 8
1065 10 10 23 5 0 8
1065 5 5 21 3 0 8
1065 3 3 24 6 0 8
1073 13 13 35 17 0 8
1073 17 17 25 7 0 8
1073 7 7 33 15 0 8
1073 15 15 34 16 0 8
1073 16 16 22 4 0 8
1073 4 4 19 1 0 8
1073 1 1 29 11 0 8
1073 11 11 28 10 0 8
1073 10 10 23 5 0 8
1073 5 5 21 3 0 8
1073 3 3 24 6 0 8
1081 13 13 35 17 0 8
1081 17 17 25 7 0 8
1081 7 7 33 15 0 8
1081 15 15 34 16 0 8
1081 16 16 22 4 0 8
1081 4 4 19 1 0 8
1081 1 1 29 11 0 8
1081 11 11 28 10 0 8
1081 10 10 23 5 0 8
1081 5 5 21 3 0 8
1081 3 3 24 6 0 8
1089 13 13 35 17 0 8
1089 17 17 25 7 0 8
1089 7 7 33 15 0 8
1089 15 15 34 16 0 8
1089 16 16 22 4 0 8
1089 4 4 19 1 0 8
1089 1 1 29 11 0 8
1089 11 11 28 10 0 8
1089 10 10 23 5 0 8
1089 5 5 21 3 0 8
1089 3 3 24 6 0 8
1097 13 13 35 17 0 8
1097 17 17 25 7 0 8
1097 7 7 33 15 0 8
1097 15 15 34 16 0 8
1097 16 16 22 4 0 8
1097 4 4 19 1 0 8
1097 1 1 29 11 0 8
1097 11 11 28 10 0 8
1097 10 10 23 5 0 8
1097 5 5 21 3 0 8
1097 3 3 24 6 0 8
1105 13 13 35 17 0 8
1105 17 17 25 7 0 8
1105 7 7 33 15 0 8
1105 15 15 34 16 0 8
1105 16 16 22 4 0 8
1105 4 4 19 1 0 8
1105 1 1 29 11 0 8
1105 11 11 28 10 0 8
1105 10 10 23 5 0 8
1105 5 5 21 3 0 8
1105 3 3 24 6 0 8
1113 13 13 35 17 0 8
1113 17 17 25 7 0 8
1113 7 7 33 15 0 8
1113 15 15 34 16 0 8
1113 16 16 22 4 0 8
1113 4 4 19 1 0 8
1113 1 1 29 11 0 8
1113 11 11 28 10 0 8
1113 10 10 23 5 0 8
1113 5 5 21 3 0 8
1113 3 3 24 6 0 8
1121 13 13 35 17 0 8
1121 17 17 25 7 0 8
1121 7 7 33 15 0 8
1121 15 15 34 16 0 8
1121 16 16 22 4 0 8
1121 4 4 19 1 0 8
1121 1 1 29 11 0 8
1121 11 11 28 10 0 8
1121 10 10 23 5 0 8
1121 5 5 21 3 0 8
1121 3 3 24 6 0 8
1129 13 13 35 17 0 8
1129 17 17 25 7 0 8
1129 7 7 33 15 0 8
1129 15 15 34 16 0 8
1129 16 16 22 4 0 8
1129 4 4 19 1 0 8
1129 1 1 29 11 0 8
1129 11 11 28 10 0 8
1129 10 10 23 5 0 8
1129 5 5 21 3 0 8
1129 3 3 24 6 0 8
1137 13 13 35 17 0 8
1137 17 17 25 7 0 8
1137 7 7 33 15 0 8
1137 15 15 34 16 0 8
1137 16 16 22 4 0 8
1137 4 4 19 1 0 8
1137 1 1 29 11 0 8
1137 11 11 28 10 0 8
1137 10 10 23 5 0 8
1137 5 5 21 3 0 8
1137 3 3 24 6 0 8
1145 13 13 35 17 0 8
1145 17 17 25 7 0 8
1145 7 7 33 15 0 8
1145 15 15 34 16 0 8
1145 16 16 22 4 0 8
1145 4 4 19 1 0 8
1145 1 1 29 11 0 8
1145 11 11 28 10 0 8
1145 10 10 23 5 0 8
1145 5 5 21 3 0 8
1145 3 3 24 6 0 8
1153 13 13 35 17 0 8
1153 17 17 25 7 0 8
1153 7 7 33 15 0 8
1153 15 15 34 16 0 8
1153 16 16 22 4 0 8
1153 4 4 19 1 0 8
1153 1 1 29 11 0 8
1153 11 11 28 10 0 8
1153 10 10 23 5 0 8
1153 5 5 21 3 0 8
1153 3 3 24 6 0 8
1161 13 13 35 17 0 8
1161 17 17 25 7 0 8
1161 7 7 33 15 0 8
1161 15 15 34 16 0 8
1161 16 16 22 4 0 8
1161 4 4 19 1 0 8
1161 1 1 29 11 0 8
1161 11 11 28 10 0 8
1161 10 10 23 5 0 8
1161 5 5 21 3 0 8
1161 3 3 24 6 0 8
1169 13 13 35 17 0 8
1169 17 17 25 7 0 8
1169 7 7 33 15 0 8
1169 15 15 34 16 0 8
1169 16 16 22 4 0 8
1169 4 4 19 1 0 8
1169 1 1 29 11 0 8
1169 11 11 28 10 0 8
1169 10 10 23 5 0 8
1169 5 5 21 3 0 8
1169 3 3 24 6 0 8
1177 13 13 35 17 0 8
1177 17 17 25 7 0 8
1177 7 7 33 15 0 8
1177 15 15 34 16 0 8
1177 16 16 22 4 0 8
1177 4 4 19 1 0 8
1177 1 1 29 11 0 8
1177 11 11 28 10 0 8
1177 10 10 23 5 0 8
1177 5 5 21 3 0 8
1177 3 3 24 6 0 8
1185 13 13 35 17 0 8
1185 17 17 25 7 0 8
1185 7 7 33 15 0 8
1185 15 15 34 16 0 8
1185 16 16 22 4 0 8
1185 4 4 19 1 0 8
1185 1 1 29 11 0 8
1185 11 11 28 10 0 8
1185 10 10 23 5 0 8
1185 5 5 21 3 0 8
1185 3 3 24 6 0 8
1193 13 13 35 17 0 8
1193 17 17 25 7 0 8
1193 7 7 33 15 0 8
1193 15 15 34 16 0 8
1193 16 16 22 4 0 8
1193 4 4 19 1 0 8
1193 1 1 29 11 0 8
1193 11 11 28 10 0 8
1193 10 10 23 5 0 8
1193 5 5 21 3 0 8
1193 3 3 24 6 0 8
1201 13 13 35 17 0 8
1201 17 17 25 7 0 8
1201 7 7 33 15 0 8
1201 15 15 34 16 0 8
1201 16 16 22 4 0 8
1201 4 4 19 1 0 8
1201 1 1 29 11 0 8
1201 11 11 28 10 0 8
1201 10 10 23 5 0 8
1201 5 5 21 3 0 8
1201 3 3 24 6 0 8
1209 13 13 35 17 0 8
1209 17 17 25 7 0 8
1209 7 7 33 15 0 8
1209 15 15 34 16 0 8
1209 16 16 22 4 0 8
1209 4 4 19 1 0 8
1209 1 1 29 11 0 8
1209 11 11 28 10 0 8
1209 10 10 23 5 0 8
1209 5 5 21 3 0 8
1209 3 3 24 6 0 8
1217 13 13 35 17 0 8
1217 17 17 25 7 0 8
1217 7 7 33 15 0 8
1217 15 15 34 16 0 8
1217 16 16 22 4 0 8
1217 4 4 19 1 0 8
1217 1 1 29 11 0 8
1217 11 11 28 10 0 8
1217 10 10 23 5 0 8
1217 5 5 21 3 0 8
1217 3 3 24 6 0 8
1225 13 13 35 17 0 8
1225 17 17 25 7 0 8
1225 7 7 33 15 0 8
1225 15 15 34 16 0 8
1225 16 16 22 4 0 8
1225 4 4 19 1 0 8
1225 1 1 29 11 0 8
1225 11 11 28 10 0 8
1225 10 10 23 5 0 8
1225 5 5 21 3 0 8
1225 3 3 24 6 0 8
1233 13 13 35 17 0 8
1233 17 17 25 7 0 8
1233 7 7 33 15 0 8
1233 15 15 34 16 0 8
1233 16 16 22 4 0 8
1233 4 4 19 1 0 8
1233 1 1 29 11 0 8
1233 11 11 28 10 0 8
1233 10 10 23 5 0 8
1233 5 5 21 3 0 8
1233 3 3 24 6 0 8
1241 13 13 35 17 0 8
1241 17 17 25 7 0 8
1241 7 7 33 15 0 8
1241 15 15 34 16 0 8
1241 16 16 22 4 0 8
1241 4 4 19 1 0 8
1241 1 1 29 11 0 8
1241 11 11 28 10 0 8
1241 10 10 23 5 0 8
1241 5 5 21 3 0 8
1241 3 3 24 6 0 8
1249 13 13 35 17 0 8
1249 17 17 25 7 0 8
1249 7 7 33 15 0 8
1249 15 15 34 16 0 8
1249 16 16 22 4 0 8
1249 4 4 19 1 0 8
1249 1 1 29 11 0 8
1249 11 11 28 10 0 8
1249 10 10 23 5 0 8
1249 5 5 21 3 0 8
1249 3 3 24 6 0 8
1257 13 13 35 17 0 8
1257 17 17 25 7 0 8
1257 7 7 33 15 0 8
1257 15 15 34 16 0 8
1257 16 16 22 4 0 8
1257 4 4 19 1 0 8
1257 1 1 29 11 0 8
1257 11 11 28 10 0 8
1257 10 10 23 5 0 8
1257 5 5 21 3 0 8
1257 3 3 24 6 0 8
1265 13 13 35 17 0 8
1265 17 17 25 7 0 8
1265 7 7 33 15 0 8
1265 15 15 34 16 0 8
1265 16 16 22 4 0 8
1265 4 4 19 1 0 8
1265 1 1 29 11 0 8
1265 11 11 28 10 0 8
1265 10 10 23 5 0 8
1265 5 5 21 3 0 8
1265 3 3 24 6 0 8
1273 13 13 35 17 0 8
1273 17 17 25 7 0 8
1273 7 7 33 15 0 8
1273 15 15 34 16 0 8
1273 16 16 22 4 0 8
1273 4 4 19 1 0 8
1273 1 1 29 11 0 8
1273 11 11 28 10 0 8
1273 10 10 23 5 0 8
1273 5 5 21 3 0 8
1273 3 3 24 6 0 8
1281 13 13 35 17 0 8
1281 17 17 25 7 0 8
1281 7 7 33 15 0 8
1281 15 15 34 16 0 8
1281 16 16 22 4 0 8
1281 4 4 19 1 0 8
1281 1 1 29 11 0 8
1289 13 13 35 17 0 8
1289 17 17 25 7 0 8
1289 7 7 33 15 0 8
1289 15 15 34 16 0 8
1289 16 16 22 4 0 8
1289 4 4 19 1 0 8
1289 1 1 29 11 0 8
1297 13 13 35 17 0 8
1297 17 17 25 7 0 8
1297 7 7 33 15 0 8
1297 15 15 34 16 0 8
1297 16 16 22 4 0 8
1297 4 4 19 1 0 8
1297 1 1 29 11 0 8
1305 13 13 35 17 0 8
1305 17 17 25 7 0 8
1305 7 7 33 15 0 8
1305 15 15 34 16 0 8
1305 16 16 22 4 0 8
1305 4 4 19 1 0 8
1305 1 1 29 11 0 8
1313 13 13 35 17 0 8
1313 17 17 25 7 0 8
1313 7 7 33 15 0 8
1313 15 15 34 16 0 8
1313 16 16 22 4 0 8
1313 4 4 19 1 0 8
1313 1 1 29 11 0 8
1321 13 13 35 17 0 8
1321 17 17 25 7 0 8
1321 7 7 33 15 0 8
1321 15 15 34 16 0 8
1321 16 16 22 4 0 8
1321 4 4 19 1 0 8
1321 1 1 29 11 0 8
1329 13 13 35 17 0 8
1329 17 17 25 7 0 8
1329 7 7 33 15 0 8
1329 15 15 34 16 0 8
1329 16 16 22 4 0 8
1329 4 4 19 1 0 8
1329 1 1 29 11 0 8
1337 13 13 35 17 0 8
1337 17 17 25 7 0 8
1337 7 7 33 15 0 8
1337 15 15 34 16 0 8
1337 16 16 22 4 0 8
1337 4 4 19 1 0 8
1337 1 1 29 11 0 8
1345 13 13 35 17 0 8
1345 17 17 25 7 0 8
1345 7 7 33 15 0 8
1345 15 15 34 16 0 8
1345 16 16 22 4 0 8
1345 4 4 19 1 0 8
1345 1 1 29 11 0 8
1353 13 13 35 17 0 8
1353 17 17 25 7 0 8
1353 7 7 33 15 0 8
1353 15 15 34 16 0 8
1353 16 16 22 4 0 8
1353 4 4 19 1 0 8
1353 1 1 29 11 0 8
1361 13 13 35 17 0 8
1361 17 17 25 7 0 8
1361 7 7 33 15 0 8
1361 15 15 34 16 0 8
1361 16 16 22 4 0 8
1361 4 4 19 1 0 8
1361 1 1 29 11 0 8
1369 13 13 35 17 0 8
1369 17 17 25 7 0 8
1369 7 7 33 15 0 8
1369 15 15 34 16 0 8
1369 16 16 22 4 0 8
1369 4 4 19 1 0 8
1369 1 1 29 11 0 8
1377 13 13 35 17 0 8
1377 17 17 25 7 0 8
1377 7 7 33 15 0 8
1377 15 15 34 16 0 8
1377 16 16 22 4 0 8
1377 4 4 19 1 0 8
1377 1 1 29 11 0 8
1385 13 13 35 17 0 8
1385 17 17 25 7 0 8
1385 7 7 33 15 0 8
1385 15 15 34 16 0 8
1385 16 16 22 4 0 8
1385 4 4 19 1 0 8
1385 1 1 29 11 0 8
1393 13 13 35 17 0 8
1393 17 17 25 7 0 8
1393 7 7 33 15 0 8
1393 15 15 34 16 0 8
1393 16 16 22 4 0 8
1393 4 4 19 1 0 8
1393 1 1 29 11 0 8
1401 13 13 35 17 0 8
1401 17 17 25 7 0 8
1401 7 7 33 15 0 8
1401 15 15 34 16 0 8
1401 16 16 22 4 0 8
1401 4 4 19 1 0 8
1401 1 1 29 11 0 8
1409 13 13 35 17 0 8
1409 17 17 25 7 0 8
1409 7 7 33 15 0 8
1409 15 15 34 16 0 8
1409 16 16 22 4 0 8
1409 4 4 19 1 0 8
1409 1 1 29 11 0 8
1417 13 13 35 17 0 8
1417 17 17 25 7 0 8
1417 7 7 33 15 0 8
1417 15 15 34 16 0 8
1417 16 16 22 4 0 8
1417 4 4 19 1 0 8
1417 1 1 29 11 0 8
1425 13 13 35 17 0 8
1425 17 17 25 7 0 8
1425 7 7 33 15 0 8
1425 15 15 34 16 0 8
1425 16 16 22 4 0 8
1425 4 4 19 1 0 8
1425 1 1 29 11 0 8
1433 13 13 35 17 0 8
1433 17 17 25 7 0 8
1433 7 7 33 15 0 8
1433 15 15 34 16 0 8
1433 16 16 22 4 0 8
1433 4 4 19 1 0 8
1433 1 1 29 11 0 8
1441 13 13 35 17 0 8
1441 17 17 25 7 0 8
1441 7 7 33 15 0 8
1441 15 15 34 16 0 8
1441 16 16 22 4 0 8
1441 4 4 19 1 0 8
1441 1 1 29 11 0 8
1449 13 13 35 17 0 8
1449 17 17 25 7 0 8
1449 7 7 33 15 0 8
1449 15 15 34 16 0 8
1449 16 16 22 4 0 8
1449 4 4 19 1 0 8
1449 1 1 29 11 0 8
1457 13 13 35 17 0 8
1457 17 17 25 7 0 8
1457 7 7 33 15 0 8
1457 15 15 34 16 0 8
1457 16 16 22 4 0 8
1457 4 4 19 1 0 8
1457 1 1 29 11 0 8
1465 13 13 35 17 0 8
1465 17 17 25 7 0 8
1465 7 7 33 15 0 8
1465 15 15 34 16 0 8
1465 16 16 22 4 0 8
1465 4 4 19 1 0 8
1465 1 1 29 11 0 8
1473 13 13 35 17 0 8
1473 17 17 25 7 0 8
1473 7 7 33 15 0 8
1473 15 15 34 16 0 8
1473 16 16 22 4 0 8
1473 4 4 19 1 0 8
1473 1 1 29 11 0 8
1481 13 13 35 17 0 8
1481 17 17 25 7 0 8
1481 7 7 33 15 0 8
1481 15 15 34 16 0 8
1481 16 16 22 4 0 8
1481 4 4 19 1 0 8
1481 1 1 29 11 0 8
1489 13 13 35 17 0 8
1489 17 17 25 7 0 8
1489 7 7 33 15 0 8
1489 15 15 34 16 0 8
1489 16 16 22 4 0 8
1489 4 4 19 1 0 8
1489 1 1 29 11 0 8
1497 13 13 35 17 0 8
1497 17 17 25 7 0 8
1497 7 7 33 15 0 8
1497 15 15 34 16 0 8
1497 16 16 22 4 0 8
1497 4 4 19 1 0 8
1497 1 1 29 11 0 8
1505 13 13 35 17 0 8
1505 17 17 25 7 0 8
1505 7 7 33 15 0 8
1505 15 15 34 16 0 8
1505 16 16 22 4 0 8
1505 4 4 19 1 0 8
1505 1 1 29 11 0 8
1513 13 13 35 17 0 8
1513 17 17 25 7 0 8
1513 7 7 33 15 0 8
1513 15 15 34 16 0 8
1513 16 16 22 4 0 8
1513 4 4 19 1 0 8
1513 1 1 29 11 0 8
1521 13 13 35 17 0 8
1521 17 17 25 7 0 8
1521 7 7 33 15 0 8
1521 15 15 34 16 0 8
1521 16 16 22 4 0 8
1521 4 4 19 1 0 8
1521 1 1 29 11 0 8
1529 13 13 35 17 0 8
1529 17 17 25 7 0 8
1529 7 7 33 15 0 8
1529 15 15 34 16 0 8
1529 16 16 22 4 0 8
1529 4 4 19 1 0 8
1529 1 1 29 11 0 8
1537 13 13 35 17 0 8
1537 17 17 25 7 0 8
1537 7 7 33 15 0 8
1537 15 15 34 16 0 8
1537 16 16 22 4 0 8
1537 4 4 19 1 0 8
1537 1 1 29 11 0 8
1545 13 13 35 17 0 8
1545 17 17 25 7 0 8
1545 7 7 33 15 0 8
1545 15 15 34 16 0 8
1545 16 16 22 4 0 8
1545 4 4 19 1 0 8
1545 1 1 29 11 0 8
1553 13 13 35 17 0 8
1553 17 17 25 7 0 8
1553 7 7 33 15 0 8
1553 15 15 34 16 0 8
1553 16 16 22 4 0 8
1553 4 4 19 1 0 8
1553 1 1 29 11 0 8
1561 13 13 35 17 0 8
1561 17 17 25 7 0 8
1561 7 7 33 15 0 8
1561 15 15 34 16 0 8
1561 16 16 22 4 0 8
1561 4 4 19 1 0 8
1561 1 1 29 11 0 8
1569 13 13 35 17 0 8
1569 17 17 25 7 0 8
1569 7 7 33 15 0 8
1569 15 15 34 16 0 8
1569 16 16 22 4 0 8
1569 4 4 19 1 0 8
1569 1 1 29 11 0 8
1577 13 13 35 17 0 8
1577 17 17 25 7 0 8
1577 7 7 33 15 0 8
1577 15 15 34 16 0 8
1577 16 16 22 4 0 8
1577 4 4 19 1 0 8
1577 1 1 29 11 0 8
1585 13 13 35 17 0 8
1585 17 17 25 7 0 8
1585 7 7 33 15 0 8
1585 15 15 34 16 0 8
1585 16 16 22 4 0 8
1585 4 4 19 1 0 8
1585 1 1 29 11 0 8
1593 13 13 35 17 0 8
1593 17 17 25 7 0 8
1593 7 7 33 15 0 8
1593 15 15 34 16 0 8
1593 16 16 22 4 0 8
1593 4 4 19 1 0 8
1593 1 1 29 11 0 8
1601 13 13 35 17 0 8
1601 17 17 25 7 0 8
1601 7 7 33 15 0 8
1601 15 15 34 16 0 8
1601 16 16 22 4 0 8
1601 4 4 19 1 0 8
1601 1 1 29 11 0 8
1609 13 13 35 17 0 8
1609 17 17 25 7 0 8
1609 7 7 33 15 0 8
1609 15 15 34 16 0 8
1609 16 16 22 4 0 8
1609 4 4 19 1 0 8
1609 1 1 29 11 0 8
1617 13 13 35 17 0 8
1617 17 17 25 7 0 8
1617 7 7 33 15 0 8
1617 15 15 34 16 0 8
1617 16 16 22 4 0 8
1617 4 4 19 1 0 8
1617 1 1 29 11 0 8
1625 13 13 35 17 0 8
1625 17 17 25 7 0 8
1625 7 7 33 15 0 8
1625 15 15 34 16 0 8
1625 16 16 22 4 0 8
1625 4 4 19 1 0 8
1625 1 1 29 11 0 8
1633 13 13 35 17 0 8
1633 17 17 25 7 0 8
1633 7 7 33 15 0 8
1633 15 15 34 16 0 8
1633 16 16 22 4 0 8
1633 4 4 19 1 0 8
1633 1 1 29 11 0 8
1641 13 13 35 17 0 8
1641 17 17 25 7 0 8
1641 7 7 33 15 0 8
1641 15 15 34 16 0 8
1641 16 16 22 4 0 8
1641 4 4 19 1 0 8
1641 1 1 29 11 0 8
1649 13 13 35 17 0 8
1649 17 17 25 7 0 8
1649 7 7 33 15 0 8
1649 15 15 34 16 0 8
1649 16 16 22 4 0 8
1649 4 4 19 1 0 8
1649 1 1 29 11 0 8
1657 13 13 35 17 0 8
1657 17 17 25 7 0 8
1657 7 7 33 15 0 8
1657 15 15 34 16 0 8
1657 16 16 22 4 0 8
1657 4 4 19 1 0 8
1657 1 1 29 11 0 8
1665 13 13 35 17 0 8
1665 17 17 25 7 0 8
1665 7 7 33 15 0 8
1665 15 15 34 16 0 8
1665 16 16 22 4 0 8
1665 4 4 19 1 0 8
1665 1 1 29 11 0 8
1673 13 13 35 17 0 8
1673 17 17 25 7 0 8
1673 7 7 33 15 0 8
1673 15 15 34 16 0 8
1673 16 16 22 4 0 8
1673 4 4 19 1 0 8
1673 1 1 29 11 0 8
1681 13 13 35 17 0 8
1681 17 17 25 7 0 8
1681 7 7 33 15 0 8
1681 15 15 34 16 0 8
1681 16 16 22 4 0 8
1681 4 4 19 1 0 8
1681 1 1 29 11 0 8
1689 13 13 35 17 0 8
1689 17 17 25 7 0 8
1689 7 7 33 15 0 8
1689 15 15 34 16 0 8
1689 16 16 22 4 0 8
1689 4 4 19 1 0 8
1689 1 1 29 11 0 8
1697 13 13 35 17 0 8
1697 17 17 25 7 0 8
1697 7 7 33 15 0 8
1697 15 15 34 16 0 8
1697 16 16 22 4 0 8
1697 4 4 19 1 0 8
1697 1 1 29 11 0 8
1705 13 13 35 17 0 8
1705 17 17 25 7 0 8
1705 7 7 33 15 0 8
1705 15 15 34 16 0 8
1705 16 16 22 4 0 8
1705 4 4 19 1 0 8
1705 1 1 29 11 0 8
1713 13 13 35 17 0 8
1713 17 17 25 7 0 8
1713 7 7 33 15 0 8
1713 15 15 34 16 0 8
1713 16 16 22 4 0 8
1713 4 4 19 1 0 8
1713 1 1 29 11 0 8
1721 13 13 35 17 0 8
1721 17 17 25 7 0 8
1721 7 7 33 15 0 8
1721 15 15 34 16 0 8
1721 16 16 22 4 0 8
1721 4 4 19 1 0 8
1721 1 1 29 11 0 8
1729 13 13 35 17 0 8
1729 17 17 25 7 0 8
1729 7 7 33 15 0 8
1729 15 15 34 16 0 8
1729 16 16 22 4 0 8
1729 4 4 19 1 0 8
1729 1 1 29 11 0 8
1737 13 13 35 17 0 8
1737 17 17 25 7 0 8
1737 7 7 33 15 0 8
1737 15 15 34 16 0 8
1737 16 16 22 4 0 8
1737 4 4 19 1 0 8
1737 1 1 29 11 0 8
1745 13 13 35 17 0 8
1745 17 17 25 7 0 8
1745 7 7 33 15 0 8
1745 15 15 34 16 0 8
1745 16 16 22 4 0 8
1745 4 4 19 1 0 8
1745 1 1 29 11 0 8
1753 13 13 35 17 0 8
1753 17 17 25 7 0 8
1753 7 7 33 15 0 8
1753 15 15 34 16 0 8
1753 16 16 22 4 0 8
1753 4 4 19 1 0 8
1753 1 1 29 11 0 8
1761 13 13 35 17 0 8
1761 17 17 25 7 0 8
1761 7 7 33 15 0 8
1761 15 15 34 16 0 8
1761 16 16 22 4 0 8
1761 4 4 19 1 0 8
1761 1 1 29 11 0 8
1769 13 13 35 17 0 8
1769 17 17 25 7 0 8
1769 7 7 33 15 0 8
1769 15 15 34 16 0 8
1769 16 16 22 4 0 8
1769 4 4 19 1 0 8
1769 1 1 29 11 0 8
1777 13 13 35 17 0 8
1777 17 17 25 7 0 8
1777 7 7 33 15 0 8
1777 15 15 34 16 0 8
1777 16 16 22 4 0 8
1777 4 4 19 1 0 8
1777 1 1 29 11 0 8
1785 13 13 35 17 0 8
1785 17 17 25 7 0 8
1785 7 7 33 15 0 8
1785 15 15 34 16 0 8
1785 16 16 22 4 0 8
1785 4 4 19 1 0 8
1785 1 1 29 11 0 8
1793 13 13 35 17 0 8
1793 17 17 25 7 0 8
1793 7 7 33 15 0 8
1793 15 15 34 16 0 8
1793 16 16 22 4 0 8
1793 4 4 19 1 0 8
1793 1 1 29 11 0 8
1801 13 13 35 17 0 8
1801 17 17 25 7 0 8
1801 7 7 33 15 0 8
1801 15 15 34 16 0 8
1801 16 16 22 4 0 8
1801 4 4 19 1 0 8
1801 1 1 29 11 0 8
1809 13 13 35 17 0 8
1809 17 17 25 7 0 8
1809 7 7 33 15 0 8
1809 15 15 34 16 0 8
1809 16 16 22 4 0 8
1809 4 4 19 1 0 8
1809 1 1 29 11 0 8
1817 13 13 35 17 0 8
1817 17 17 25 7 0 8
1817 7 7 33 15 0 8
1817 15 15 34 16 0 8
1817 16 16 22 4 0 8
1817 4 4 19 1 0 8
1817 1 1 29 11 0 8
1825 13 13 35 17 0 8
1825 17 17 25 7 0 8
1825 7 7 33 15 0 8
1825 15 15 34 16 0 8
1825 16 16 22 4 0 8
1825 4 4 19 1 0 8
1825 1 1 29 11 0 8
1833 13 13 35 17 0 8
1833 17 17 25 7 0 8
1833 7 7 33 15 0 8
1833 15 15 34 16 0 8
1833 16 16 22 4 0 8
1833 4 4 19 1 0 8
1833 1 1 29 11 0 8
1841 13 13 35 17 0 8
1841 17 17 25 7 0 8
1841 7 7 33 15 0 8
1841 15 15 34 16 0 8
1841 16 16 22 4 0 8
1841 4 4 19 1 0 8
1841 1 1 29 11 0 8
1849 13 13 35 17 0 8
1849 17 17 25 7 0 8
1849 7 7 33 15 0 8
1849 15 15 34 16 0 8
1849 16 16 22 4 0 8
1849 4 4 19 1 0 8
1849 1 1 29 11 0 8
1857 13 13 35 17 0 8
1857 17 17 25 7 0 8
1857 7 7 33 15 0 8
1857 15 15 34 16 0 8
1857 16 16 22 4 0 8
1857 4 4 19 1 0 8
1857 1 1 29 11 0 8
1865 13 13 35 17 0 8
1865 17 17 25 7 0 8
1865 7 7 33 15 0 8
1865 15 15 34 16 0 8
1865 16 16 22 4 0 8
1865 4 4 19 1 0 8
1865 1 1 29 11 0 8
1873 13 13 35 17 0 8
1873 17 17 25 7 0 8
1873 7 7 33 15 0 8
1873 15 15 34 16 0 8
1873 16 16 22 4 0 8
1873 4 4 19 1 0 8
1873 1 1 29 11 0 8
1881 13 13 35 17 0 8
1881 17 17 25 7 0 8
1881 7 7 33 15 0 8
1881 15 15 34 16 0 8
1881 16 16 22 4 0 8
1881 4 4 19 1 0 8
1881 1 1 29 11 0 8
1889 13 13 35 17 0 8
1889 17 17 25 7 0 8
1889 7 7 33 15 0 8
1889 15 15 34 16 0 8
1889 16 16 22 4 0 8
1889 4 4 19 1 0 8
1889 1 1 29 11 0 8
1897 13 13 35 17 0 8
1897 17 17 25 7 0 8
1897 7 7 33 15 0 8
1897 15 15 34 16 0 8
1897 16 16 22 4 0 8
1897 4 4 19 1 0 8
1897 1 1 29 11 0 8
1905 13 13 35 17 0 8
1905 17 17 25 7 0 8
1905 7 7 33 15 0 8
1905 15 15 34 16 0 8
1905 16 16 22 4 0 8
1905 4 4 19 1 0 8
1905 1 1 29 11 0 8
1913 13 13 35 17 0 8
1913 17 17 25 7 0 8
1913 7 7 33 15 0 8
1913 15 15 34 16 0 8
1913 16 16 22 4 0 8
1913 4 4 19 1 0 8
1913 1 1 29 11 0 8
1921 13 13 35 17 0 8
1921 17 17 25 7 0 8
1921 7 7 33 15 0 8
1921 15 15 34 16 0 8
1921 16 16 22 4 0 8
1921 4 4 19 1 0 8
1921 1 1 29 11 0 8
1929 13 13 35 17 0 8
1929 17 17 25 7 0 8
1929 7 7 33 15 0 8
1929 15 15 34 16 0 8
1929 16 16 22 4 0 8
1929 4 4 19 1 0 8
1929 1 1 29 11 0 8
1937 13 13 35 17 0 8
1937 17 17 25 7 0 8
1937 7 7 33 15 0 8
1937 15 15 34 16 0 8
1937 16 16 22 4 0 8
1937 4 4 19 1 0 8
1937 1 1 29 11 0 8
1945 13 13 35 17 0 8
1945 17 17 25 7 0 8
1945 7 7 33 15 0 8
1945 15 15 34 16 0 8
1945 16 16 22 4 0 8
1945 4 4 19 1 0 8
1945 1 1 29 11 0 8
1953 13 13 35 17 0 8
1953 17 17 25 7 0 8
1953 7 7 33 15 0 8
1953 15 15 34 16 0 8
1953 16 16 22 4 0 8
1953 4 4 19 1 0 8
1953 1 1 29 11 0 8
1961 13 13 35 17 0 8
1961 17 17 25 7 0 8
1961 7 7 33 15 0 8
1961 15 15 34 16 0 8
1961 16 16 22 4 0 8
1961 4 4 19 1 0 8
1961 1 1 29 11 0 8
1969 13 13 35 17 0 8
1969 17 17 25 7 0 8
1969 7 7 33 15 0 8
1969 15 15 34 16 0 8
1969 16 16 22 4 0 8
1969 4 4 19 1 0 8
1969 1 1 29 11 0 8
1977 13 13 35 17 0 8
1977 17 17 25 7 0 8
1977 7 7 33 15 0 8
1977 15 15 34 16 0 8
1977 16 16 22 4 0 8
1977 4 4 19 1 0 8
1977 1 1 29 11 0 8
1985 13 13 35 17 0 8
1985 17 17 25 7 0 8
1985 7 7 33 15 0 8
1985 15 15 34 16 0 8
1985 16 16 22 4 0 8
1985 4 4 19 1 0 8
1985 1 1 29 11 0 8
1993 13 13 35 17 0 8
1993 17 17 25 7 0 8
1993 7 7 33 15 0 8
1993 15 15 34 16 0 8
1993 16 16 22 4 0 8
1993 4 4 19 1 0 8
1993 1 1 29 11 0 8
2001 13 13 35 17 0 8
2001 17 17 25 7 0 8
2001 7 7 33 15 0 8
2001 15 15 34 16 0 8
2001 16 16 22 4 0 8
2001 4 4 19 1 0 8
2001 1 1 29 11 0 8
2009 13 13 35 17 0 8
2009 17 17 25 7 0 8
2009 7 7 33 15 0 8
2009 15 15 34 16 0 8
2009 16 16 22 4 0 8
2009 4 4 19 1 0 8
2009 1 1 29 11 0 8
2017 13 13 35 17 0 8
2017 17 17 25 7 0 8
2017 7 7 33 15 0 8
2017 15 15 34 16 0 8
2017 16 16 22 4 0 8
2017 4 4 19 1 0 8
2017 1 1 29 11 0 8
2025 13 13 35 17 0 8
2025 17 17 25 7 0 8
2025 7 7 33 15 0 8
2025 15 15 34 16 0 8
2025 16 16 22 4 0 8
2025 4 4 19 1 0 8
2025 1 1 29 11 0 8
2033 13 13 35 17 0 8
2033 17 17 25 7 0 8
2033 7 7 33 15 0 8
2033 15 15 34 16 0 8
2033 16 16 22 4 0 8
2033 4 4 19 1 0 8
2033 1 1 29 11 0 8
2041 13 13 35 17 0 8
2041 17 17 25 7 0 8
2041 7 7 33 15 0 8
2041 15 15 34 16 0 8
2041 16 16 22 4 0 8
2041 4 4 19 1 0 8
2041 1 1 29 11 0 8
2049 13 13 35 17 0 8
2049 17 17 25 7 0 8
2049 7 7 33 15 0 8
2049 15 15 34 16 0 8
2049 16 16 22 4 0 8
2049 4 4 19 1 0 8
2049 1 1 29 11 0 8
2057 13 13 35 17 0 8
2057 17 17 25 7 0 8
2057 7 7 33 15 0 8
2057 15 15 34 16 0 8
2057 16 16 22 4 0 8
2057 4 4 19 1 0 8
2057 1 1 29 11 0 8
2065 13 13 35 17 0 8
2065 17 17 25 7 0 8
2065 7 7 33 15 0 8
2065 15 15 34 16 0 8
2065 16 16 22 4 0 8
2065 4 4 19 1 0 8
2065 1 1 29 11 0 8
2073 13 13 35 17 0 8
2073 17 17 25 7 0 8
2073 7 7 33 15 0 8
2073 15 15 34 16 0 8
2073 16 16 22 4 0 8
2073 4 4 19 1 0 8
2073 1 1 29 11 0 8
2081 13 13 35 17 0 8
2081 17 17 25 7 0 8
2081 7 7 33 15 0 8
2081 15 15 34 16 0 8
2081 16 16 22 4 0 8
2081 4 4 19 1 0 8
2081 1 1 29 11 0 8
2089 13 13 35 17 0 8
2089 17 17 25 7 0 8
2089 7 7 33 15 0 8
2089 15 15 34 16 0 8
2089 16 16 22 4 0 8
2089 4 4 19 1 0 8
2089 1 1 29 11 0 8
2097 13 13 35 17 0 8
2097 17 17 25 7 0 8
2097 7 7 33 15 0 8
2097 15 15 34 16 0 8
2097 16 16 22 4 0 8
2097 4 4 19 1 0 8
2097 1 1 29 11 0 8
2105 13 13 35 17 0 8
2105 17 17 25 7 0 8
2105 7 7 33 15 0 8
2105 15 15 34 16 0 8
2105 16 16 22 4 0 8
2105 4 4 19 1 0 8
2105 1 1 29 11 0 8
2113 13 13 35 17 0 8
2113 17 17 25 7 0 8
2113 7 7 33 15 0 8
2113 15 15 34 16 0 8
2113 16 16 22 4 0 8
2113 4 4 19 1 0 8
2113 1 1 29 11 0 8
2121 13 13 35 17 0 8
2121 17 17 25 7 0 8
2121 7 7 33 15 0 8
2121 15 15 34 16 0 8
2121 16 16 22 4 0 8
2121 4 4 19 1 0 8
2121 1 1 29 11 0 8
2129 13 13 35 17 0 8
2129 17 17 25 7 0 8
2129 7 7 33 15 0 8
2129 15 15 34 16 0 8
2129 16 16 22 4 0 8
2129 4 4 19 1 0 8
2129 1 1 29 11 0 8
2137 13 13 35 17 0 8
2137 17 17 25 7 0 8
2137 7 7 33 15 0 8
2137 15 15 34 16 0 8
2137 16 16 22 4 0 8
2137 4 4 19 1 0 8
2137 1 1 29 11 0 8
2145 13 13 35 17 0 8
2145 17 17 25 7 0 8
2145 7 7 33 15 0 8
2145 15 15 34 16 0 8
2145 16 16 22 4 0 8
2145 4 4 19 1 0 8
2145 1 1 29 11 0 8
2153 13 13 35 17 0 8
2153 17 17 25 7 0 8
2153 7 7 33 15 0 8
2153 15 15 34 16 0 8
2153 16 16 22 4 0 8
2153 4 4 19 1 0 8
2153 1 1 29 11 0 8
2161 13 13 35 17 0 8
2161 17 17 25 7 0 8
2161 7 7 33 15 0 8
2161 15 15 34 16 0 8
2161 16 16 22 4 0 8
2161 4 4 19 1 0 8
2161 1 1 29 11 0 8
2169 13 13 35 17 0 8
2169 17 17 25 7 0 8
2169 7 7 33 15 0 8
2169 15 15 34 16 0 8
2169 16 16 22 4 0 8
2169 4 4 19 1 0 8
2169 1 1 29 11 0 8
2177 13 13 35 17 0 8
2177 17 17 25 7 0 8
2177 7 7 33 15 0 8
2177 15 15 34 16 0 8
2177 16 16 22 4 0 8
2177 4 4 19 1 0 8
2177 1 1 29 11 0 8
2185 13 13 35 17 0 8
2185 17 17 25 7 0 8
2185 7 7 33 15 0 8
2185 15 15 34 16 0 8
2185 16 16 22 4 0 8
2185 4 4 19 1 0 8
2185 1 1 29 11 0 8
2193 13 13 35 17 0 8
2193 17 17 25 7 0 8
2193 7 7 33 15 0 8
2193 15 15 34 16 0 8
2193 16 16 22 4 0 8
2193 4 4 19 1 0 8
2193 1 1 29 11 0 8
2201 13 13 35 17 0 8
2201 17 17 25 7 0 8
2201 7 7 33 15 0 8
2201 15 15 34 16 0 8
2201 16 16 22 4 0 8
2201 4 4 19 1 0 8
2201 1 1 29 11 0 8
2209 13 13 35 17 0 8
2209 17 17 25 7 0 8
2209 7 7 33 15 0 8
2209 15 15 34 16 0 8
2209 16 16 22 4 0 8
2209 4 4 19 1 0 8
2209 1 1 29 11 0 8
2217 13 13 35 17 0 8
2217 17 17 25 7 0 8
2217 7 7 33 15 0 8
2217 15 15 34 16 0 8
2217 16 16 22 4 0 8
2217 4 4 19 1 0 8
2217 1 1 29 11 0 8
2225 13 13 35 17 0 8
2225 17 17 25 7 0 8
2225 7 7 33 15 0 8
2225 15 15 34 16 0 8
2225 16 16 22 4 0 8
2225 4 4 19 1 0 8
2225 1 1 29 11 0 8
2233 13 13 35 17 0 8
2233 17 17 25 7 0 8
2233 7 7 33 15 0 8
2233 15 15 34 16 0 8
2233 16 16 22 4 0 8
2233 4 4 19 1 0 8
2233 1 1 29 11 0 8
2241 13 13 35 17 0 8
2241 17 17 25 7 0 8
2241 7 7 33 15 0 8
2241 15 15 34 16 0 8
2241 16 16 22 4 0 8
2241 4 4 19 1 0 8
2241 1 1 29 11 0 8
2249 13 13 35 17 0 8
2249 17 17 25 7 0 8
2249 7 7 33 15 0 8
2249 15 15 34 16 0 8
2249 16 16 22 4 0 8
2249 4 4 19 1 0 8
2249 1 1 29 11 0 8
2257 13 13 35 17 0 8
2257 17 17 25 7 0 8
2257 7 7 33 15 0 8
2257 15 15 34 16 0 8
2257 16 16 22 4 0 8
2257 4 4 19 1 0 8
2257 1 1 29 11 0 8
2265 13 13 35 17 0 8
2265 17 17 25 7 0 8
2265 7 7 33 15 0 8
2265 15 15 34 16 0 8
2265 16 16 22 4 0 8
2265 4 4 19 1 0 8
2265 1 1 29 11 0 8
2273 13 13 35 17 0 8
2273 17 17 25 7 0 8
2273 7 7 33 15 0 8
2273 15 15 34 16 0 8
2273 16 16 22 4 0 8
2273 4 4 19 1 0 8
2273 1 1 29 11 0 8
2281 13 13 35 17 0 8
2281 17 17 25 7 0 8
2281 7 7 33 15 0 8
2281 15 15 34 16 0 8
2281 16 16 22 4 0 8
2281 4 4 19 1 0 8
2281 1 1 29 11 0 8
2289 13 13 35 17 0 8
2289 17 17 25 7 0 8
2289 7 7 33 15 0 8
2289 15 15 34 16 0 8
2289 16 16 22 4 0 8
2289 4 4 19 1 0 8
2289 1 1 29 11 0 8
2297 13 13 35 17 0 8
2297 17 17 25 7 0 8
2297 7 7 33 15 0 8
2297 15 15 34 16 0 8
2297 16 16 22 4 0 8
2297 4 4 19 1 0 8
2297 1 1 29 11 0 8
2305 13 13 35 17 0 8
2305 17 17 25 7 0 8
2305 7 7 33 15 0 8
2305 15 15 34 16 0 8
2305 16 16 22 4 0 8
2305 4 4 19 1 0 8
2305 1 1 29 11 0 8
2313 13 13 35 17 0 8
2313 17 17 25 7 0 8
2313 7 7 33 15 0 8
2313 15 15 34 16 0 8
2313 16 16 22 4 0 8
2313 4 4 19 1 0 8
2313 1 1 29 11 0 8
2321 13 13 35 17 0 8
2321 17 17 25 7 0 8
2321 7 7 33 15 0 8
2321 15 15 34 16 0 8
2321 16 16 22 4 0 8
2321 4 4 19 1 0 8
2321 1 1 29 11 0 8
2329 13 13 35 17 0 8
2329 17 17 25 7 0 8
2329 7 7 33 15 0 8
2329 15 15 34 16 0 8
2329 16 16 22 4 0 8
2329 4 4 19 1 0 8
2329 1 1 29 11 0 8
2337 13 13 35 17 0 8
2337 17 17 25 7 0 8
2337 7 7 33 15 0 8
2337 15 15 34 16 0 8
2337 16 16 22 4 0 8
2337 4 4 19 1 0 8
2337 1 1 29 11 0 8
2345 13 13 35 17 0 8
2345 17 17 25 7 0 8
2345 7 7 33 15 0 8
2345 15 15 34 16 0 8
2345 16 16 22 4 0 8
2345 4 4 19 1 0 8
2345 1 1 29 11 0 8
2353 13 13 35 17 0 8
2353 17 17 25 7 0 8
2353 7 7 33 15 0 8
2353 15 15 34 16 0 8
2353 16 16 22 4 0 8
2353 4 4 19 1 0 8
2353 1 1 29 11 0 8
2361 13 13 35 17 0 8
2361 17 17 25 7 0 8
2361 7 7 33 15 0 8
2361 15 15 34 16 0 8
2361 16 16 22 4 0 8
2361 4 4 19 1 0 8
2361 1 1 29 11 0 8
2369 13 13 35 17 0 8
2369 17 17 25 7 0 8
2369 7 7 33 15 0 8
2369 15 15 34 16 0 8
2369 16 16 22 4 0 8
2369 4 4 19 1 0 8
2369 1 1 29 11 0 8
2377 13 13 35 17 0 8
2377 17 17 25 7 0 8
2377 7 7 33 15 0 8
2377 15 15 34 16 0 8
2377 16 16 22 4 0 8
2377 4 4 19 1 0 8
2377 1 1 29 11 0 8
2385 13 13 35 17 0 8
2385 17 17 25 7 0 8
2385 7 7 33 15 0 8
2385 15 15 34 16 0 8
2385 16 16 22 4 0 8
2385 4 4 19 1 0 8
2385 1 1 29 11 0 8
2393 13 13 35 17 0 8
2393 17 17 25 7 0 8
2393 7 7 33 15 0 8
2393 15 15 34 16 0 8
2393 16 16 22 4 0 8
2393 4 4 19 1 0 8
2393 1 1 29 11 0 8
2401 13 13 35 17 0 8
2401 17 17 25 7 0 8
2401 7 7 33 15 0 8
2401 15 15 34 16 0 8
2401 16 16 22 4 0 8
2401 4 4 19 1 0 8
2401 1 1 29 11 0 8
2409 13 13 35 17 0 8
2409 17 17 25 7 0 8
2409 7 7 33 15 0 8
2409 15 15 34 16 0 8
2409 16 16 22 4 0 8
2409 4 4 19 1 0 8
2409 1 1 29 11 0 8
2417 13 13 35 17 0 8
2417 17 17 25 7 0 8
2417 7 7 33 15 0 8
2417 15 15 34 16 0 8
2417 16 16 22 4 0 8
2417 4 4 19 1 0 8
2417 1 1 29 11 0 8
2425 13 13 35 17 0 8
2425 17 17 25 7 0 8
2425 7 7 33 15 0 8
2425 15 15 34 16 0 8
2425 16 16 22 4 0 8
2425 4 4 19 1 0 8
2425 1 1 29 11 0 8
2433 13 13 35 17 0 8
2433 17 17 25 7 0 8
2433 7 7 33 15 0 8
2433 15 15 34 16 0 8
2433 16 16 22 4 0 8
2433 4 4 19 1 0 8
2433 1 1 29 11 0 8
2441 13 13 35 17 0 8
2441 17 17 25 7 0 8
2441 7 7 33 15 0 8
2441 15 15 34 16 0 8
2441 16 16 22 4 0 8
2441 4 4 19 1 0 8
2441 1 1 29 11 0 8
2449 13 13 35 17 0 8
2449 17 17 25 7 0 8
2449 7 7 33 15 0 8
2449 15 15 34 16 0 8
2449 16 16 22 4 0 8
2449 4 4 19 1 0 8
2449 1 1 29 11 0 8
2457 13 13 35 17 0 8
2457 17 17 25 7 0 8
2457 7 7 33 15 0 8
2457 15 15 34 16 0 8
2457 16 16 22 4 0 8
2457 4 4 19 1 0 8
2457 1 1 29 11 0 8
2465 13 13 35 17 0 8
2465 17 17 25 7 0 8
2465 7 7 33 15 0 8
2465 15 15 34 16 0 8
2465 16 16 22 4 0 8
2465 4 4 19 1 0 8
2465 1 1 29 11 0 8
2473 13 13 35 17 0 8
2473 17 17 25 7 0 8
2473 7 7 33 15 0 8
2473 15 15 34 16 0 8
2473 16 16 22 4 0 8
2473 4 4 19 1 0 8
2473 1 1 29 11 0 8
2481 13 13 35 17 0 8
2481 17 17 25 7 0 8
2481 7 7 33 15 0 8
2481 15 15 34 16 0 8
2481 16 16 22 4 0 8
2481 4 4 19 1 0 8
2481 1 1 29 11 0 8
2489 13 13 35 17 0 8
2489 17 17 25 7 0 8
2489 7 7 33 15 0 8
2489 15 15 34 16 0 8
2489 16 16 22 4 0 8
2489 4 4 19 1 0 8
2489 1 1 29 11 0 8
2497 13 13 35 17 0 8
2497 17 17 25 7 0 8
2497 7 7 33 15 0 8
2497 15 15 34 16 0 8
2497 16 16 22 4 0 8
2497 4 4 19 1 0 8
2497 1 1 29 11 0 8
2505 13 13 35 17 0 8
2505 17 17 25 7 0 8
2505 7 7 33 15 0 8
2505 15 15 34 16 0 8
2505 16 16 22 4 0 8
2505 4 4 19 1 0 8
2505 1 1 29 11 0 8
2513 13 13 35 17 0 8
2513 17 17 25 7 0 8
2513 7 7 33 15 0 8
2513 15 15 34 16 0 8
2513 16 16 22 4 0 8
2513 4 4 19 1 0 8
2513 1 1 29 11 0 8
2521 13 13 35 17 0 8
2521 17 17 25 7 0 8
2521 7 7 33 15 0 8
2521 15 15 34 16 0 8
2521 16 16 22 4 0 8
2521 4 4 19 1 0 8
2521 1 1 29 11 0 8
2529 13 13 35 17 0 8
2529 17 17 25 7 0 8
2529 7 7 33 15 0 8
2529 15 15 34 16 0 8
2529 16 16 22 4 0 8
2529 4 4 19 1 0 8
2529 1 1 29 11 0 8
2537 13 13 35 17 0 8
2537 17 17 25 7 0 8
2537 7 7 33 15 0 8
2537 15 15 34 16 0 8
2537 16 16 22 4 0 8
2537 4 4 19 1 0 8
2537 1 1 29 11 0 8
2545 13 13 35 17 0 8
2545 17 17 25 7 0 8
2545 7 7 33 15 0 8
2545 15 15 34 16 0 8
2545 16 16 22 4 0 8
2545 4 4 19 1 0 8
2545 1 1 29 11 0 8
2553 13 13 35 17 0 8
2553 17 17 25 7 0 8
2553 7 7 33 15 0 8
2553 15 15 34 16 0 8
2553 16 16 22 4 0 8
2553 4 4 19 1 0 8
2553 1 1 29 11 0 8
2561 13 13 35 17 0 8
2561 7 7 33 15 0 8
2561 15 15 34 16 0 8
2569 13 13 35 17 0 8
2569 7 7 33 15 0 8
2569 15 15 34 16 0 8
2577 13 13 35 17 0 8
2577 7 7 33 15 0 8
2577 15 15 34 16 0 8
2585 13 13 35 17 0 8
2585 7 7 33 15 0 8
2585 15 15 34 16 0 8
2593 13 13 35 17 0 8
2593 7 7 33 15 0 8
2593 15 15 34 16 0 8
2601 13 13 35 17 0 8
2601 7 7 33 15 0 8
2601 15 15 34 16 0 8
2609 13 13 35 17 0 8
2609 7 7 33 15 0 8
2609 15 15 34 16 0 8
2617 13 13 35 17 0 8
2617 7 7 33 15 0 8
2617 15 15 34 16 0 8
2625 13 13 35 17 0 8
2625 7 7 33 15 0 8
2625 15 15 34 16 0 8
2633 13 13 35 17 0 8
2633 7 7 33 15 0 8
2633 15 15 34 16 0 8
2641 13 13 35 17 0 8
2641 7 7 33 15 0 8
2641 15 15 34 16 0 8
2649 13 13 35 17 0 8
2649 7 7 33 15 0 8
2649 15 15 34 16 0 8
2657 13 13 35 17 0 8
2657 7 7 33 15 0 8
2657 15 15 34 16 0 8
2665 13 13 35 17 0 8
2665 7 7 33 15 0 8
2665 15 15 34 16 0 8
2673 13 13 35 17 0 8
2673 7 7 33 15 0 8
2673 15 15 34 16 0 8
2681 13 13 35 17 0 8
2681 7 7 33 15 0 8
2681 15 15 34 16 0 8
2689 13 13 35 17 0 8
2689 7 7 33 15 0 8
2689 15 15 34 16 0 8
2697 13 13 35 17 0 8
2697 7 7 33 15 0 8
2697 15 15 34 16 0 8
2705 13 13 35 17 0 8
2705 7 7 33 15 0 8
2705 15 15 34 16 0 8
2713 13 13 35 17 0 8
2713 7 7 33 15 0 8
2713 15 15 34 16 0 8
2721 13 13 35 17 0 8
2721 7 7 33 15 0 8
2721 15 15 34 16 0 8
2729 13 13 35 17 0 8
2729 7 7 33 15 0 8
2729 15 15 34 16 0 8
2737 13 13 35 17 0 8
2737 7 7 33 15 0 8
2737 15 15 34 16 0 8
2745 13 13 35 17 0 8
2745 7 7 33 15 0 8
2745 15 15 34 16 0 8
2753 13 13 35 17 0 8
2753 7 7 33 15 0 8
2753 15 15 34 16 0 8
2761 13 13 35 17 0 8
2761 7 7 33 15 0 8
2761 15 15 34 16 0 8
2769 13 13 35 17 0 8
2769 7 7 33 15 0 8
2769 15 15 34 16 0 8
2777 13 13 35 17 0 8
2777 7 7 33 15 0 8
2777 15 15 34 16 0 8
2785 13 13 35 17 0 8
2785 7 7 33 15 0 8
2785 15 15 34 16 0 8
2793 13 13 35 17 0 8
2793 7 7 33 15 0 8
2793 15 15 34 16 0 8
2801 13 13 35 17 0 8
2801 7 7 33 15 0 8
2801 15 15 34 16 0 8
2809 13 13 35 17 0 8
2809 7 7 33 15 0 8
2809 15 15 34 16 0 8
2817 13 13 35 17 0 8
2817 7 7 33 15 0 8
2817 15 15 34 16 0 8
2825 13 13 35 17 0 8
2825 7 7 33 15 0 8
2825 15 15 34 16 0 8
2833 13 13 35 17 0 8
2833 7 7 33 15 0 8
2833 15 15 34 16 0 8
2841 13 13 35 17 0 8
2841 7 7 33 15 0 8
2841 15 15 34 16 0 8
2849 13 13 35 17 0 8
2849 7 7 33 15 0 8
2849 15 15 34 16 0 8
2857 13 13 35 17 0 8
2857 7 7 33 15 0 8
2857 15 15 34 16 0 8
2865 13 13 35 17 0 8
2865 7 7 33 15 0 8
2865 15 15 34 16 0 8
2873 13 13 35 17 0 8
2873 7 7 33 15 0 8
2873 15 15 34 16 0 8
2881 13 13 35 17 0 8
2881 7 7 33 15 0 8
2881 15 15 34 16 0 8
2889 13 13 35 17 0 8
2889 7 7 33 15 0 8
2889 15 15 34 16 0 8
2897 13 13 35 17 0 8
2897 7 7 33 15 0 8
2897 15 15 34 16 0 8
2905 13 13 35 17 0 8
2905 7 7 33 15 0 8
2905 15 15 34 16 0 8
2913 13 13 35 17 0 8
2913 7 7 33 15 0 8
2913 15 15 34 16 0 8
2921 13 13 35 17 0 8
2921 7 7 33 15 0 8
2921 15 15 34 16 0 8
2929 13 13 35 17 0 8
2929 7 7 33 15 0 8
2929 15 15 34 16 0 8
2937 13 13 35 17 0 8
2937 7 7 33 15 0 8
2937 15 15 34 16 0 8
2945 13 13 35 17 0 8
2945 7 7 33 15 0 8
2945 15 15 34 16 0 8
2953 13 13 35 17 0 8
2953 7 7 33 15 0 8
2953 15 15 34 16 0 8
2961 13 13 35 17 0 8
2961 7 7 33 15 0 8
2961 15 15 34 16 0 8
2969 13 13 35 17 0 8
2969 7 7 33 15 0 8
2969 15 15 34 16 0 8
2977 13 13 35 17 0 8
2977 7 7 33 15 0 8
2977 15 15 34 16 0 8
2985 13 13 35 17 0 8
2985 7 7 33 15 0 8
2985 15 15 34 16 0 8
2993 13 13 35 17 0 8
2993 7 7 33 15 0 8
2993 15 15 34 16 0 8
3001 13 13 35 17 0 8
3001 7 7 33 15 0 8
3001 15 15 34 16 0 8
3009 13 13 35 17 0 8
3009 7 7 33 15 0 8
3009 15 15 34 16 0 8
3017 13 13 35 17 0 8
3017 7 7 33 15 0 8
3017 15 15 34 16 0 8
3025 13 13 35 17 0 8
3025 7 7 33 15 0 8
3025 15 15 34 16 0 8
3033 13 13 35 17 0 8
3033 7 7 33 15 0 8
3033 15 15 34 16 0 8
3041 13 13 35 17 0 8
3041 7 7 33 15 0 8
3041 15 15 34 16 0 8
3049 13 13 35 17 0 8
3049 7 7 33 15 0 8
3049 15 15 34 16 0 8
3057 13 13 35 17 0 8
3057 7 7 33 15 0 8
3057 15 15 34 16 0 8
3065 13 13 35 17 0 8
3065 7 7 33 15 0 8
3065 15 15 34 16 0 8
3073 13 13 35 17 0 8
3073 7 7 33 15 0 8
3073 15 15 34 16 0 8
3081 13 13 35 17 0 8
3081 7 7 33 15 0 8
3081 15 15 34 16 0 8
3089 13 13 35 17 0 8
3089 7 7 33 15 0 8
3089 15 15 34 16 0 8
3097 13 13 35 17 0 8
3097 7 7 33 15 0 8
3097 15 15 34 16 0 8
3105 13 13 35 17 0 8
3105 7 7 33 15 0 8
3105 15 15 34 16 0 8
3113 13 13 35 17 0 8
3113 7 7 33 15 0 8
3113 15 15 34 16 0 8
3121 13 13 35 17 0 8
3121 7 7 33 15 0 8
3121 15 15 34 16 0 8
3129 13 13 35 17 0 8
3129 7 7 33 15 0 8
3129 15 15 34 16 0 8
3137 13 13 35 17 0 8
3137 7 7 33 15 0 8
3137 15 15 34 16 0 8
3145 13 13 35 17 0 8
3145 7 7 33 15 0 8
3145 15 15 34 16 0 8
3153 13 13 35 17 0 8
3153 7 7 33 15 0 8
3153 15 15 34 16 0 8
3161 13 13 35 17 0 8
3161 7 7 33 15 0 8
3161 15 15 34 16 0 8
3169 13 13 35 17 0 8
3169 7 7 33 15 0 8
3169 15 15 34 16 0 8
3177 13 13 35 17 0 8
3177 7 7 33 15 0 8
3177 15 15 34 16 0 8
3185 13 13 35 17 0 8
3185 7 7 33 15 0 8
3185 15 15 34 16 0 8
3193 13 13 35 17 0 8
3193 7 7 33 15 0 8
3193 15 15 34 16 0 8
3201 13 13 35 17 0 8
3201 7 7 33 15 0 8
3201 15 15 34 16 0 8
3209 13 13 35 17 0 8
3209 7 7 33 15 0 8
3209 15 15 34 16 0 8
3217 13 13 35 17 0 8
3217 7 7 33 15 0 8
3217 15 15 34 16 0 8
3225 13 13 35 17 0 8
3225 7 7 33 15 0 8
3225 15 15 34 16 0 8
3233 13 13 35 17 0 8
3233 7 7 33 15 0 8
3233 15 15 34 16 0 8
3241 13 13 35 17 0 8
3241 7 7 33 15 0 8
3241 15 15 34 16 0 8
3249 13 13 35 17 0 8
3249 7 7 33 15 0 8
3249 15 15 34 16 0 8
3257 13 13 35 17 0 8
3257 7 7 33 15 0 8
3257 15 15 34 16 0 8
3265 13 13 35 17 0 8
3265 7 7 33 15 0 8
3265 15 15 34 16 0 8
3273 13 13 35 17 0 8
3273 7 7 33 15 0 8
3273 15 15 34 16 0 8
3281 13 13 35 17 0 8
3281 7 7 33 15 0 8
3281 15 15 34 16 0 8
3289 13 13 35 17 0 8
3289 7 7 33 15 0 8
3289 15 15 34 16 0 8
3297 13 13 35 17 0 8
3297 7 7 33 15 0 8
3297 15 15 34 16 0 8
3305 13 13 35 17 0 8
3305 7 7 33 15 0 8
3305 15 15 34 16 0 8
3313 13 13 35 17 0 8
3313 7 7 33 15 0 8
3313 15 15 34 16 0 8
3321 13 13 35 17 0 8
3321 7 7 33 15 0 8
3321 15 15 34 16 0 8
3329 13 13 35 17 0 8
3329 7 7 33 15 0 8
3329 15 15 34 16 0 8
3337 13 13 35 17 0 8
3337 7 7 33 15 0 8
3337 15 15 34 16 0 8
3345 13 13 35 17 0 8
3345 7 7 33 15 0 8
3345 15 15 34 16 0 8
3353 13 13 35 17 0 8
3353 7 7 33 15 0 8
3353 15 15 34 16 0 8
3361 13 13 35 17 0 8
3361 7 7 33 15 0 8
3361 15 15 34 16 0 8
3369 13 13 35 17 0 8
3369 7 7 33 15 0 8
3369 15 15 34 16 0 8
3377 13 13 35 17 0 8
3377 7 7 33 15 0 8
3377 15 15 34 16 0 8
3385 13 13 35 17 0 8
3385 7 7 33 15 0 8
3385 15 15 34 16 0 8
3393 13 13 35 17 0 8
3393 7 7 33 15 0 8
3393 15 15 34 16 0 8
3401 13 13 35 17 0 8
3401 7 7 33 15 0 8
3401 15 15 34 16 0 8
3409 13 13 35 17 0 8
3409 7 7 33 15 0 8
3409 15 15 34 16 0 8
3417 13 13 35 17 0 8
3417 7 7 33 15 0 8
3417 15 15 34 16 0 8
3425 13 13 35 17 0 8
3425 7 7 33 15 0 8
3425 15 15 34 16 0 8
3433 13 13 35 17 0 8
3433 7 7 33 15 0 8
3433 15 15 34 16 0 8
3441 13 13 35 17 0 8
3441 7 7 33 15 0 8
3441 15 15 34 16 0 8
3449 13 13 35 17 0 8
3449 7 7 33 15 0 8
3449 15 15 34 16 0 8
3457 13 13 35 17 0 8
3457 7 7 33 15 0 8
3457 15 15 34 16 0 8
3465 13 13 35 17 0 8
3465 7 7 33 15 0 8
3465 15 15 34 16 0 8
3473 13 13 35 17 0 8
3473 7 7 33 15 0 8
3473 15 15 34 16 0 8
3481 13 13 35 17 0 8
3481 7 7 33 15 0 8
3481 15 15 34 16 0 8
3489 13 13 35 17 0 8
3489 7 7 33 15 0 8
3489 15 15 34 16 0 8
3497 13 13 35 17 0 8
3497 7 7 33 15 0 8
3497 15 15 34 16 0 8
3505 13 13 35 17 0 8
3505 7 7 33 15 0 8
3505 15 15 34 16 0 8
3513 13 13 35 17 0 8
3513 7 7 33 15 0 8
3513 15 15 34 16 0 8
3521 13 13 35 17 0 8
3521 7 7 33 15 0 8
3521 15 15 34 16 0 8
3529 13 13 35 17 0 8
3529 7 7 33 15 0 8
3529 15 15 34 16 0 8
3537 13 13 35 17 0 8
3537 7 7 33 15 0 8
3537 15 15 34 16 0 8
3545 13 13 35 17 0 8
3545 7 7 33 15 0 8
3545 15 15 34 16 0 8
3553 13 13 35 17 0 8
3553 7 7 33 15 0 8
3553 15 15 34 16 0 8
3561 13 13 35 17 0 8
3561 7 7 33 15 0 8
3561 15 15 34 16 0 8
3569 13 13 35 17 0 8
3569 7 7 33 15 0 8
3569 15 15 34 16 0 8
3577 13 13 35 17 0 8
3577 7 7 33 15 0 8
3577 15 15 34 16 0 8
3585 13 13 35 17 0 8
3585 7 7 33 15 0 8
3585 15 15 34 16 0 8
3593 13 13 35 17 0 8
3593 7 7 33 15 0 8
3593 15 15 34 16 0 8
3601 13 13 35 17 0 8
3601 7 7 33 15 0 8
3601 15 15 34 16 0 8
3609 13 13 35 17 0 8
3609 7 7 33 15 0 8
3609 15 15 34 16 0 8
3617 13 13 35 17 0 8
3617 7 7 33 15 0 8
3617 15 15 34 16 0 8
3625 13 13 35 17 0 8
3625 7 7 33 15 0 8
3625 15 15 34 16 0 8
3633 13 13 35 17 0 8
3633 7 7 33 15 0 8
3633 15 15 34 16 0 8
3641 13 13 35 17 0 8
3641 7 7 33 15 0 8
3641 15 15 34 16 0 8
3649 13 13 35 17 0 8
3649 7 7 33 15 0 8
3649 15 15 34 16 0 8
3657 13 13 35 17 0 8
3657 7 7 33 15 0 8
3657 15 15 34 16 0 8
3665 13 13 35 17 0 8
3665 7 7 33 15 0 8
3665 15 15 34 16 0 8
3673 13 13 35 17 0 8
3673 7 7 33 15 0 8
3673 15 15 34 16 0 8
3681 13 13 35 17 0 8
3681 7 7 33 15 0 8
3681 15 15 34 16 0 8
3689 13 13 35 17 0 8
3689 7 7 33 15 0 8
3689 15 15 34 16 0 8
3697 13 13 35 17 0 8
3697 7 7 33 15 0 8
3697 15 15 34 16 0 8
3705 13 13 35 17 0 8
3705 7 7 33 15 0 8
3705 15 15 34 16 0 8
3713 13 13 35 17 0 8
3713 7 7 33 15 0 8
3713 15 15 34 16 0 8
3721 13 13 35 17 0 8
3721 7 7 33 15 0 8
3721 15 15 34 16 0 8
3729 13 13 35 17 0 8
3729 7 7 33 15 0 8
3729 15 15 34 16 0 8
3737 13 13 35 17 0 8
3737 7 7 33 15 0 8
3737 15 15 34 16 0 8
3745 13 13 35 17 0 8
3745 7 7 33 15 0 8
3745 15 15 34 16 0 8
3753 13 13 35 17 0 8
3753 7 7 33 15 0 8
3753 15 15 34 16 0 8
3761 13 13 35 17 0 8
3761 7 7 33 15 0 8
3761 15 15 34 16 0 8
3769 13 13 35 17 0 8
3769 7 7 33 15 0 8
3769 15 15 34 16 0 8
3777 13 13 35 17 0 8
3777 7 7 33 15 0 8
3777 15 15 34 16 0 8
3785 13 13 35 17 0 8
3785 7 7 33 15 0 8
3785 15 15 34 16 0 8
3793 13 13 35 17 0 8
3793 7 7 33 15 0 8
3793 15 15 34 16 0 8
3801 13 13 35 17 0 8
3801 7 7 33 15 0 8
3801 15 15 34 16 0 8
3809 13 13 35 17 0 8
3809 7 7 33 15 0 8
3809 15 15 34 16 0 8
3817 13 13 35 17 0 8
3817 7 7 33 15 0 8
3817 15 15 34 16 0 8
3825 13 13 35 17 0 8
3825 7 7 33 15 0 8
3825 15 15 34 16 0 8
3833 13 13 35 17 0 8
3833 7 7 33 15 0 8
3833 15 15 34 16 0 8
3841 13 13 35 17 0 8
3841 7 7 33 15 0 8
3841 15 15 34 16 0 8
3849 13 13 35 17 0 8
3849 7 7 33 15 0 8
3849 15 15 34 16 0 8
3857 13 13 35 17 0 8
3857 7 7 33 15 0 8
3857 15 15 34 16 0 8
3865 13 13 35 17 0 8
3865 7 7 33 15 0 8
3865 15 15 34 16 0 8
3873 13 13 35 17 0 8
3873 7 7 33 15 0 8
3873 15 15 34 16 0 8
3881 13 13 35 17 0 8
3881 7 7 33 15 0 8
3881 15 15 34 16 0 8
3889 13 13 35 17 0 8
3889 7 7 33 15 0 8
3889 15 15 34 16 0 8
3897 13 13 35 17 0 8
3897 7 7 33 15 0 8
3897 15 15 34 16 0 8
3905 13 13 35 17 0 8
3905 7 7 33 15 0 8
3905 15 15 34 16 0 8
3913 13 13 35 17 0 8
3913 7 7 33 15 0 8
3913 15 15 34 16 0 8
3921 13 13 35 17 0 8
3921 7 7 33 15 0 8
3921 15 15 34 16 0 8
3929 13 13 35 17 0 8
3929 7 7 33 15 0 8
3929 15 15 34 16 0 8
3937 13 13 35 17 0 8
3937 7 7 33 15 0 8
3937 15 15 34 16 0 8
3945 13 13 35 17 0 8
3945 7 7 33 15 0 8
3945 15 15 34 16 0 8
3953 13 13 35 17 0 8
3953 7 7 33 15 0 8
3953 15 15 34 16 0 8
3961 13 13 35 17 0 8
3961 7 7 33 15 0 8
3961 15 15 34 16 0 8
3969 13 13 35 17 0 8
3969 7 7 33 15 0 8
3969 15 15 34 16 0 8
3977 13 13 35 17 0 8
3977 7 7 33 15 0 8
3977 15 15 34 16 0 8
3985 13 13 35 17 0 8
3985 7 7 33 15 0 8
3985 15 15 34 16 0 8
3993 13 13 35 17 0 8
3993 7 7 33 15 0 8
3993 15 15 34 16 0 8
4001 13 13 35 17 0 8
4001 7 7 33 15 0 8
4001 15 15 34 16 0 8
4009 13 13 35 17 0 8
4009 7 7 33 15 0 8
4009 15 15 34 16 0 8
4017 13 13 35 17 0 8
4017 7 7 33 15 0 8
4017 15 15 34 16 0 8
4025 13 13 35 17 0 8
4025 7 7 33 15 0 8
4025 15 15 34 16 0 8
4033 13 13 35 17 0 8
4033 7 7 33 15 0 8
4033 15 15 34 16 0 8
4041 13 13 35 17 0 8
4041 7 7 33 15 0 8
4041 15 15 34 16 0 8
4049 13 13 35 17 0 8
4049 7 7 33 15 0 8
4049 15 15 34 16 0 8
4057 13 13 35 17 0 8
4057 7 7 33 15 0 8
4057 15 15 34 16 0 8
4065 13 13 35 17 0 8
4065 7 7 33 15 0 8
4065 15 15 34 16 0 8
4073 13 13 35 17 0 8
4073 7 7 33 15 0 8
4073 15 15 34 16 0 8
4081 13 13 35 17 0 8
4081 7 7 33 15 0 8
4081 15 15 34 16 0 8
4089 13 13 35 17 0 8
4089 7 7 33 15 0 8
4089 15 15 34 16 0 8
4097 13 13 35 17 0 8
4097 7 7 33 15 0 8
4097 15 15 34 16 0 8
4105 13 13 35 17 0 8
4105 7 7 33 15 0 8
4105 15 15 34 16 0 8
4113 13 13 35 17 0 8
4113 7 7 33 15 0 8
4113 15 15 34 16 0 8
4121 13 13 35 17 0 8
4121 7 7 33 15 0 8
4121 15 15 34 16 0 8
4129 13 13 35 17 0 8
4129 7 7 33 15 0 8
4129 15 15 34 16 0 8
4137 13 13 35 17 0 8
4137 7 7 33 15 0 8
4137 15 15 34 16 0 8
4145 13 13 35 17 0 8
4145 7 7 33 15 0 8
4145 15 15 34 16 0 8
4153 13 13 35 17 0 8
4153 7 7 33 15 0 8
4153 15 15 34 16 0 8
4161 13 13 35 17 0 8
4161 7 7 33 15 0 8
4161 15 15 34 16 0 8
4169 13 13 35 17 0 8
4169 7 7 33 15 0 8
4169 15 15 34 16 0 8
4177 13 13 35 17 0 8
4177 7 7 33 15 0 8
4177 15 15 34 16 0 8
4185 13 13 35 17 0 8
4185 7 7 33 15 0 8
4185 15 15 34 16 0 8
4193 13 13 35 17 0 8
4193 7 7 33 15 0 8
4193 15 15 34 16 0 8
4201 13 13 35 17 0 8
4201 7 7 33 15 0 8
4201 15 15 34 16 0 8
4209 13 13 35 17 0 8
4209 7 7 33 15 0 8
4209 15 15 34 16 0 8
4217 13 13 35 17 0 8
4217 7 7 33 15 0 8
4217 15 15 34 16 0 8
4225 13 13 35 17 0 8
4225 7 7 33 15 0 8
4225 15 15 34 16 0 8
4233 13 13 35 17 0 8
4233 7 7 33 15 0 8
4233 15 15 34 16 0 8
4241 13 13 35 17 0 8
4241 7 7 33 15 0 8
4241 15 15 34 16 0 8
4249 13 13 35 17 0 8
4249 7 7 33 15 0 8
4249 15 15 34 16 0 8
4257 13 13 35 17 0 8
4257 7 7 33 15 0 8
4257 15 15 34 16 0 8
4265 13 13 35 17 0 8
4265 7 7 33 15 0 8
4265 15 15 34 16 0 8
4273 13 13 35 17 0 8
4273 7 7 33 15 0 8
4273 15 15 34 16 0 8
4281 13 13 35 17 0 8
4281 7 7 33 15 0 8
4281 15 15 34 16 0 8
4289 13 13 35 17 0 8
4289 7 7 33 15 0 8
4289 15 15 34 16 0 8
4297 13 13 35 17 0 8
4297 7 7 33 15 0 8
4297 15 15 34 16 0 8
4305 13 13 35 17 0 8
4305 7 7 33 15 0 8
4305 15 15 34 16 0 8
4313 13 13 35 17 0 8
4313 7 7 33 15 0 8
4313 15 15 34 16 0 8
4321 13 13 35 17 0 8
4321 7 7 33 15 0 8
4321 15 15 34 16 0 8
4329 13 13 35 17 0 8
4329 7 7 33 15 0 8
4329 15 15 34 16 0 8
4337 13 13 35 17 0 8
4337 7 7 33 15 0 8
4337 15 15 34 16 0 8
4345 13 13 35 17 0 8
4345 7 7 33 15 0 8
4345 15 15 34 16 0 8
4353 13 13 35 17 0 8
4353 7 7 33 15 0 8
4353 15 15 34 16 0 8
4361 13 13 35 17 0 8
4361 7 7 33 15 0 8
4361 15 15 34 16 0 8
4369 13 13 35 17 0 8
4369 7 7 33 15 0 8
4369 15 15 34 16 0 8
4377 13 13 35 17 0 8
4377 7 7 33 15 0 8
4377 15 15 34 16 0 8
4385 13 13 35 17 0 8
4385 7 7 33 15 0 8
4385 15 15 34 16 0 8
4393 13 13 35 17 0 8
4393 7 7 33 15 0 8
4393 15 15 34 16 0 8
4401 13 13 35 17 0 8
4401 7 7 33 15 0 8
4401 15 15 34 16 0 8
4409 13 13 35 17 0 8
4409 7 7 33 15 0 8
4409 15 15 34 16 0 8
4417 13 13 35 17 0 8
4417 7 7 33 15 0 8
4417 15 15 34 16 0 8
4425 13 13 35 17 0 8
4425 7 7 33 15 0 8
4425 15 15 34 16 0 8
4433 13 13 35 17 0 8
4433 7 7 33 15 0 8
4433 15 15 34 16 0 8
4441 13 13 35 17 0 8
4441 7 7 33 15 0 8
4441 15 15 34 16 0 8
4449 13 13 35 17 0 8
4449 7 7 33 15 0 8
4449 15 15 34 16 0 8
4457 13 13 35 17 0 8
4457 7 7 33 15 0 8
4457 15 15 34 16 0 8
4465 13 13 35 17 0 8
4465 7 7 33 15 0 8
4465 15 15 34 16 0 8
4473 13 13 35 17 0 8
4473 7 7 33 15 0 8
4473 15 15 34 16 0 8
4481 13 13 35 17 0 8
4481 7 7 33 15 0 8
4481 15 15 34 16 0 8
4489 13 13 35 17 0 8
4489 7 7 33 15 0 8
4489 15 15 34 16 0 8
4497 13 13 35 17 0 8
4497 7 7 33 15 0 8
4497 15 15 34 16 0 8
4505 13 13 35 17 0 8
4505 7 7 33 15 0 8
4505 15 15 34 16 0 8
4513 13 13 35 17 0 8
4513 7 7 33 15 0 8
4513 15 15 34 16 0 8
4521 13 13 35 17 0 8
4521 7 7 33 15 0 8
4521 15 15 34 16 0 8
4529 13 13 35 17 0 8
4529 7 7 33 15 0 8
4529 15 15 34 16 0 8
4537 13 13 35 17 0 8
4537 7 7 33 15 0 8
4537 15 15 34 16 0 8
4545 13 13 35 17 0 8
4545 7 7 33 15 0 8
4545 15 15 34 16 0 8
4553 13 13 35 17 0 8
4553 7 7 33 15 0 8
4553 15 15 34 16 0 8
4561 13 13 35 17 0 8
4561 7 7 33 15 0 8
4561 15 15 34 16 0 8
4569 13 13 35 17 0 8
4569 7 7 33 15 0 8
4569 15 15 34 16 0 8
4577 13 13 35 17 0 8
4577 7 7 33 15 0 8
4577 15 15 34 16 0 8
4585 13 13 35 17 0 8
4585 7 7 33 15 0 8
4585 15 15 34 16 0 8
4593 13 13 35 17 0 8
4593 7 7 33 15 0 8
4593 15 15 34 16 0 8
4601 13 13 35 17 0 8
4601 7 7 33 15 0 8
4601 15 15 34 16 0 8
4609 13 13 35 17 0 8
4609 7 7 33 15 0 8
4609 15 15 34 16 0 8
4617 13 13 35 17 0 8
4617 7 7 33 15 0 8
4617 15 15 34 16 0 8
4625 13 13 35 17 0 8
4625 7 7 33 15 0 8
4625 15 15 34 16 0 8
4633 13 13 35 17 0 8
4633 7 7 33 15 0 8
4633 15 15 34 16 0 8
4641 13 13 35 17 0 8
4641 7 7 33 15 0 8
4641 15 15 34 16 0 8
4649 13 13 35 17 0 8
4649 7 7 33 15 0 8
4649 15 15 34 16 0 8
4657 13 13 35 17 0 8
4657 7 7 33 15 0 8
4657 15 15 34 16 0 8
4665 13 13 35 17 0 8
4665 7 7 33 15 0 8
4665 15 15 34 16 0 8
4673 13 13 35 17 0 8
4673 7 7 33 15 0 8
4673 15 15 34 16 0 8
4681 13 13 35 17 0 8
4681 7 7 33 15 0 8
4681 15 15 34 16 0 8
4689 13 13 35 17 0 8
4689 7 7 33 15 0 8
4689 15 15 34 16 0 8
4697 13 13 35 17 0 8
4697 7 7 33 15 0 8
4697 15 15 34 16 0 8
4705 13 13 35 17 0 8
4705 7 7 33 15 0 8
4705 15 15 34 16 0 8
4713 13 13 35 17 0 8
4713 7 7 33 15 0 8
4713 15 15 34 16 0 8
4721 13 13 35 17 0 8
4721 7 7 33 15 0 8
4721 15 15 34 16 0 8
4729 13 13 35 17 0 8
4729 7 7 33 15 0 8
4729 15 15 34 16 0 8
4737 13 13 35 17 0 8
4737 7 7 33 15 0 8
4737 15 15 34 16 0 8
4745 13 13 35 17 0 8
4745 7 7 33 15 0 8
4745 15 15 34 16 0 8
4753 13 13 35 17 0 8
4753 7 7 33 15 0 8
4753 15 15 34 16 0 8
4761 13 13 35 17 0 8
4761 7 7 33 15 0 8
4761 15 15 34 16 0 8
4769 13 13 35 17 0 8
4769 7 7 33 15 0 8
4769 15 15 34 16 0 8
4777 13 13 35 17 0 8
4777 7 7 33 15 0 8
4777 15 15 34 16 0 8
4785 13 13 35 17 0 8
4785 7 7 33 15 0 8
4785 15 15 34 16 0 8
4793 13 13 35 17 0 8
4793 7 7 33 15 0 8
4793 15 15 34 16 0 8
4801 13 13 35 17 0 8
4801 7 7 33 15 0 8
4801 15 15 34 16 0 8
4809 13 13 35 17 0 8
4809 7 7 33 15 0 8
4809 15 15 34 16 0 8
4817 13 13 35 17 0 8
4817 7 7 33 15 0 8
4817 15 15 34 16 0 8
4825 13 13 35 17 0 8
4825 7 7 33 15 0 8
4825 15 15 34 16 0 8
4833 13 13 35 17 0 8
4833 7 7 33 15 0 8
4833 15 15 34 16 0 8
4841 13 13 35 17 0 8
4841 7 7 33 15 0 8
4841 15 15 34 16 0 8
4849 13 13 35 17 0 8
4849 7 7 33 15 0 8
4849 15 15 34 16 0 8
4857 13 13 35 17 0 8
4857 7 7 33 15 0 8
4857 15 15 34 16 0 8
4865 13 13 35 17 0 8
4865 7 7 33 15 0 8
4865 15 15 34 16 0 8
4873 13 13 35 17 0 8
4873 7 7 33 15 0 8
4873 15 15 34 16 0 8
4881 13 13 35 17 0 8
4881 7 7 33 15 0 8
4881 15 15 34 16 0 8
4889 13 13 35 17 0 8
4889 7 7 33 15 0 8
4889 15 15 34 16 0 8
4897 13 13 35 17 0 8
4897 7 7 33 15 0 8
4897 15 15 34 16 0 8
4905 13 13 35 17 0 8
4905 7 7 33 15 0 8
4905 15 15 34 16 0 8
4913 13 13 35 17 0 8
4913 7 7 33 15 0 8
4913 15 15 34 16 0 8
4921 13 13 35 17 0 8
4921 7 7 33 15 0 8
4921 15 15 34 16 0 8
4929 13 13 35 17 0 8
4929 7 7 33 15 0 8
4929 15 15 34 16 0 8
4937 13 13 35 17 0 8
4937 7 7 33 15 0 8
4937 15 15 34 16 0 8
4945 13 13 35 17 0 8
4945 7 7 33 15 0 8
4945 15 15 34 16 0 8
4953 13 13 35 17 0 8
4953 7 7 33 15 0 8
4953 15 15 34 16 0 8
4961 13 13 35 17 0 8
4961 7 7 33 15 0 8
4961 15 15 34 16 0 8
4969 13 13 35 17 0 8
4969 7 7 33 15 0 8
4969 15 15 34 16 0 8
4977 13 13 35 17 0 8
4977 7 7 33 15 0 8
4977 15 15 34 16 0 8
4985 13 13 35 17 0 8
4985 7 7 33 15 0 8
4985 15 15 34 16 0 8
4993 13 13 35 17 0 8
4993 7 7 33 15 0 8
4993 15 15 34 16 0 8
5001 13 13 35 17 0 8
5001 7 7 33 15 0 8
5001 15 15 34 16 0 8
5009 13 13 35 17 0 8
5009 7 7 33 15 0 8
5009 15 15 34 16 0 8
5017 13 13 35 17 0 8
5017 7 7 33 15 0 8
5017 15 15 34 16 0 8
5025 13 13 35 17 0 8
5025 7 7 33 15 0 8
5025 15 15 34 16 0 8
5033 13 13 35 17 0 8
5033 7 7 33 15 0 8
5033 15 15 34 16 0 8
5041 13 13 35 17 0 8
5041 7 7 33 15 0 8
5041 15 15 34 16 0 8
5049 13 13 35 17 0 8
5049 7 7 33 15 0 8
5049 15 15 34 16 0 8
5057 13 13 35 17 0 8
5057 7 7 33 15 0 8
5057 15 15 34 16 0 8
5065 13 13 35 17 0 8
5065 7 7 33 15 0 8
5065 15 15 34 16 0 8
5073 13 13 35 17 0 8
5073 7 7 33 15 0 8
5073 15 15 34 16 0 8
5081 13 13 35 17 0 8
5081 7 7 33 15 0 8
5081 15 15 34 16 0 8
5089 13 13 35 17 0 8
5089 7 7 33 15 0 8
5089 15 15 34 16 0 8
5097 13 13 35 17 0 8
5097 7 7 33 15 0 8
5097 15 15 34 16 0 8
5105 13 13 35 17 0 8
5105 7 7 33 15 0 8
5105 15 15 34 16 0 8
5113 13 13 35 17 0 8
5113 7 7 33 15 0 8
5113 15 15 34 16 0 8
5121 13 13 35 17 0 8
5129 13 13 35 17 0 8
5137 13 13 35 17 0 8
5145 13 13 35 17 0 8
5153 13 13 35 17 0 8
5161 13 13 35 17 0 8
5169 13 13 35 17 0 8
5177 13 13 35 17 0 8
5185 13 13 35 17 0 8
5193 13 13 35 17 0 8
5201 13 13 35 17 0 8
5209 13 13 35 17 0 8
5217 13 13 35 17 0 8
5225 13 13 35 17 0 8
5233 13 13 35 17 0 8
5241 13 13 35 17 0 8
5249 13 13 35 17 0 8
5257 13 13 35 17 0 8
5265 13 13 35 17 0 8
5273 13 13 35 17 0 8
5281 13 13 35 17 0 8
5289 13 13 35 17 0 8
5297 13 13 35 17 0 8
5305 13 13 35 17 0 8
5313 13 13 35 17 0 8
5321 13 13 35 17 0 8
5329 13 13 35 17 0 8
5337 13 13 35 17 0 8
5345 13 13 35 17 0 8
5353 13 13 35 17 0 8
5361 13 13 35 17 0 8
5369 13 13 35 17 0 8
5377 13 13 35 17 0 8
5385 13 13 35 17 0 8
5393 13 13 35 17 0 8
5401 13 13 35 17 0 8
5409 13 13 35 17 0 8
5417 13 13 35 17 0 8
5425 13 13 35 17 0 8
5433 13 13 35 17 0 8
5441 13 13 35 17 0 8
5449 13 13 35 17 0 8
5457 13 13 35 17 0 8
5465 13 13 35 17 0 8
5473 13 13 35 17 0 8
5481 13 13 35 17 0 8
5489 13 13 35 17 0 8
5497 13 13 35 17 0 8
5505 13 13 35 17 0 8
5513 13 13 35 17 0 8
5521 13 13 35 17 0 8
5529 13 13 35 17 0 8
5537 13 13 35 17 0 8
5545 13 13 35 17 0 8
5553 13 13 35 17 0 8
5561 13 13 35 17 0 8
5569 13 13 35 17 0 8
5577 13 13 35 17 0 8
5585 13 13 35 17 0 8
5593 13 13 35 17 0 8
5601 13 13 35 17 0 8
5609 13 13 35 17 0 8
5617 13 13 35 17 0 8
5625 13 13 35 17 0 8
5633 13 13 35 17 0 8
5641 13 13 35 17 0 8
5649 13 13 35 17 0 8
5657 13 13 35 17 0 8
5665 13 13 35 17 0 8
5673 13 13 35 17 0 8
5681 13 13 35 17 0 8
5689 13 13 35 17 0 8
5697 13 13 35 17 0 8
5705 13 13 35 17 0 8
5713 13 13 35 17 0 8
5721 13 13 35 17 0 8
5729 13 13 35 17 0 8
5737 13 13 35 17 0 8
5745 13 13 35 17 0 8
5753 13 13 35 17 0 8
5761 13 13 35 17 0 8
5769 13 13 35 17 0 8
5777 13 13 35 17 0 8
5785 13 13 35 17 0 8
5793 13 13 35 17 0 8
5801 13 13 35 17 0 8
5809 13 13 35 17 0 8
5817 13 13 35 17 0 8
5825 13 13 35 17 0 8
5833 13 13 35 17 0 8
5841 13 13 35 17 0 8
5849 13 13 35 17 0 8
5857 13 13 35 17 0 8
5865 13 13 35 17 0 8
5873 13 13 35 17 0 8
5881 13 13 35 17 0 8
5889 13 13 35 17 0 8
5897 13 13 35 17 0 8
5905 13 13 35 17 0 8
5913 13 13 35 17 0 8
5921 13 13 35 17 0 8
5929 13 13 35 17 0 8
5937 13 13 35 17 0 8
5945 13 13 35 17 0 8
5953 13 13 35 17 0 8
5961 13 13 35 17 0 8
5969 13 13 35 17 0 8
5977 13 13 35 17 0 8
5985 13 13 35 17 0 8
5993 13 13 35 17 0 8
6001 13 13 35 17 0 8
6009 13 13 35 17 0 8
6017 13 13 35 17 0 8
6025 13 13 35 17 0 8
6033 13 13 35 17 0 8
6041 13 13 35 17 0 8
6049 13 13 35 17 0 8
6057 13 13 35 17 0 8
6065 13 13 35 17 0 8
6073 13 13 35 17 0 8
6081 13 13 35 17 0 8
6089 13 13 35 17 0 8
6097 13 13 35 17 0 8
6105 13 13 35 17 0 8
6113 13 13 35 17 0 8
6121 13 13 35 17 0 8
6129 13 13 35 17 0 8
6137 13 13 35 17 0 8
6145 13 13 35 17 0 8
6153 13 13 35 17 0 8
6161 13 13 35 17 0 8
6169 13 13 35 17 0 8
6177 13 13 35 17 0 8
6185 13 13 35 17 0 8
6193 13 13 35 17 0 8
6201 13 13 35 17 0 8
6209 13 13 35 17 0 8
6217 13 13 35 17 0 8
6225 13 13 35 17 0 8
6233 13 13 35 17 0 8
6241 13 13 35 17 0 8
6249 13 13 35 17 0 8
6257 13 13 35 17 0 8
6265 13 13 35 17 0 8
6273 13 13 35 17 0 8
6281 13 13 35 17 0 8
6289 13 13 35 17 0 8
6297 13 13 35 17 0 8
6305 13 13 35 17 0 8
6313 13 13 35 17 0 8
6321 13 13 35 17 0 8
6329 13 13 35 17 0 8
6337 13 13 35 17 0 8
6345 13 13 35 17 0 8
6353 13 13 35 17 0 8
6361 13 13 35 17 0 8
6369 13 13 35 17 0 8
6377 13 13 35 17 0 8
6385 13 13 35 17 0 8
6393 13 13 35 17 0 8
6401 13 13 35 17 0 8
6409 13 13 35 17 0 8
6417 13 13 35 17 0 8
6425 13 13 35 17 0 8
6433 13 13 35 17 0 8
6441 13 13 35 17 0 8
6449 13 13 35 17 0 8
6457 13 13 35 17 0 8
6465 13 13 35 17 0 8
6473 13 13 35 17 0 8
6481 13 13 35 17 0 8
6489 13 13 35 17 0 8
6497 13 13 35 17 0 8
6505 13 13 35 17 0 8
6513 13 13 35 17 0 8
6521 13 13 35 17 0 8
6529 13 13 35 17 0 8
6537 13 13 35 17 0 8
6545 13 13 35 17 0 8
6553 13 13 35 17 0 8
6561 13 13 35 17 0 8
6569 13 13 35 17 0 8
6577 13 13 35 17 0 8
6585 13 13 35 17 0 8
6593 13 13 35 17 0 8
6601 13 13 35 17 0 8
6609 13 13 35 17 0 8
6617 13 13 35 17 0 8
6625 13 13 35 17 0 8
6633 13 13 35 17 0 8
6641 13 13 35 17 0 8
6649 13 13 35 17 0 8
6657 13 13 35 17 0 8
6665 13 13 35 17 0 8
6673 13 13 35 17 0 8
6681 13 13 35 17 0 8
6689 13 13 35 17 0 8
6697 13 13 35 17 0 8
6705 13 13 35 17 0 8
6713 13 13 35 17 0 8
6721 13 13 35 17 0 8
6729 13 13 35 17 0 8
6737 13 13 35 17 0 8
6745 13 13 35 17 0 8
6753 13 13 35 17 0 8
6761 13 13 35 17 0 8
6769 13 13 35 17 0 8
6777 13 13 35 17 0 8
6785 13 13 35 17 0 8
6793 13 13 35 17 0 8
6801 13 13 35 17 0 8
6809 13 13 35 17 0 8
6817 13 13 35 17 0 8
6825 13 13 35 17 0 8
6833 13 13 35 17 0 8
6841 13 13 35 17 0 8
6849 13 13 35 17 0 8
6857 13 13 35 17 0 8
6865 13 13 35 17 0 8
6873 13 13 35 17 0 8
6881 13 13 35 17 0 8
6889 13 13 35 17 0 8
6897 13 13 35 17 0 8
6905 13 13 35 17 0 8
6913 13 13 35 17 0 8
6921 13 13 35 17 0 8
6929 13 13 35 17 0 8
6937 13 13 35 17 0 8
6945 13 13 35 17 0 8
6953 13 13 35 17 0 8
6961 13 13 35 17 0 8
6969 13 13 35 17 0 8
6977 13 13 35 17 0 8
6985 13 13 35 17 0 8
6993 13 13 35 17 0 8
7001 13 13 35 17 0 8
7009 13 13 35 17 0 8
7017 13 13 35 17 0 8
7025 13 13 35 17 0 8
7033 13 13 35 17 0 8
7041 13 13 35 17 0 8
7049 13 13 35 17 0 8
7057 13 13 35 17 0 8
7065 13 13 35 17 0 8
7073 13 13 35 17 0 8
7081 13 13 35 17 0 8
7089 13 13 35 17 0 8
7097 13 13 35 17 0 8
7105 13 13 35 17 0 8
7113 13 13 35 17 0 8
7121 13 13 35 17 0 8
7129 13 13 35 17 0 8
7137 13 13 35 17 0 8
7145 13 13 35 17 0 8
7153 13 13 35 17 0 8
7161 13 13 35 17 0 8
7169 13 13 35 17 0 8
7177 13 13 35 17 0 8
7185 13 13 35 17 0 8
7193 13 13 35 17 0 8
7201 13 13 35 17 0 8
7209 13 13 35 17 0 8
7217 13 13 35 17 0 8
7225 13 13 35 17 0 8
7233 13 13 35 17 0 8
7241 13 13 35 17 0 8
7249 13 13 35 17 0 8
7257 13 13 35 17 0 8
7265 13 13 35 17 0 8
7273 13 13 35 17 0 8
7281 13 13 35 17 0 8
7289 13 13 35 17 0 8
7297 13 13 35 17 0 8
7305 13 13 35 17 0 8
7313 13 13 35 17 0 8
7321 13 13 35 17 0 8
7329 13 13 35 17 0 8
7337 13 13 35 17 0 8
7345 13 13 35 17 0 8
7353 13 13 35 17 0 8
7361 13 13 35 17 0 8
7369 13 13 35 17 0 8
7377 13 13 35 17 0 8
7385 13 13 35 17 0 8
7393 13 13 35 17 0 8
7401 13 13 35 17 0 8
7409 13 13 35 17 0 8
7417 13 13 35 17 0 8
7425 13 13 35 17 0 8
7433 13 13 35 17 0 8
7441 13 13 35 17 0 8
7449 13 13 35 17 0 8
7457 13 13 35 17 0 8
7465 13 13 35 17 0 8
7473 13 13 35 17 0 8
7481 13 13 35 17 0 8
7489 13 13 35 17 0 8
7497 13 13 35 17 0 8
7505 13 13 35 17 0 8
7513 13 13 35 17 0 8
7521 13 13 35 17 0 8
7529 13 13 35 17 0 8
7537 13 13 35 17 0 8
7545 13 13 35 17 0 8
7553 13 13 35 17 0 8
7561 13 13 35 17 0 8
7569 13 13 35 17 0 8
7577 13 13 35 17 0 8
7585 13 13 35 17 0 8
7593 13 13 35 17 0 8
7601 13 13 35 17 0 8
7609 13 13 35 17 0 8
7617 13 13 35 17 0 8
7625 13 13 35 17 0 8
7633 13 13 35 17 0 8
7641 13 13 35 17 0 8
7649 13 13 35 17 0 8
7657 13 13 35 17 0 8
7665 13 13 35 17 0 8
7673 13 13 35 17 0 8
7681 13 13 35 17 0 8
7689 13 13 35 17 0 8
7697 13 13 35 17 0 8
7705 13 13 35 17 0 8
7713 13 13 35 17 0 8
7721 13 13 35 17 0 8
7729 13 13 35 17 0 8
7737 13 13 35 17 0 8
7745 13 13 35 17 0 8
7753 13 13 35 17 0 8
7761 13 13 35 17 0 8
7769 13 13 35 17 0 8
7777 13 13 35 17 0 8
7785 13 13 35 17 0 8
7793 13 13 35 17 0 8
7801 13 13 35 17 0 8
7809 13 13 35 17 0 8
7817 13 13 35 17 0 8
7825 13 13 35 17 0 8
7833 13 13 35 17 0 8
7841 13 13 35 17 0 8
7849 13 13 35 17 0 8
7857 13 13 35 17 0 8
7865 13 13 35 17 0 8
7873 13 13 35 17 0 8
7881 13 13 35 17 0 8
7889 13 13 35 17 0 8
7897 13 13 35 17 0 8
7905 13 13 35 17 0 8
7913 13 13 35 17 0 8
7921 13 13 35 17 0 8
7929 13 13 35 17 0 8
7937 13 13 35 17 0 8
7945 13 13 35 17 0 8
7953 13 13 35 17 0 8
7961 13 13 35 17 0 8
7969 13 13 35 17 0 8
7977 13 13 35 17 0 8
7985 13 13 35 17 0 8
7993 13 13 35 17 0 8
8001 13 13 35 17 0 8
8009 13 13 35 17 0 8
8017 13 13 35 17 0 8
8025 13 13 35 17 0 8
8033 13 13 35 17 0 8
8041 13 13 35 17 0 8
8049 13 13 35 17 0 8
8057 13 13 35 17 0 8
8065 13 13 35 17 0 8
8073 13 13 35 17 0 8
8081 13 13 35 17 0 8
8089 13 13 35 17 0 8
8097 13 13 35 17 0 8
8105 13 13 35 17 0 8
8113 13 13 35 17 0 8
8121 13 13 35 17 0 8
8129 13 13 35 17 0 8
8137 13 13 35 17 0 8
8145 13 13 35 17 0 8
8153 13 13 35 17 0 8
8161 13 13 35 17 0 8
8169 13 13 35 17 0 8
8177 13 13 35 17 0 8
8185 13 13 35 17 0 8
8193 13 13 35 17 0 8
8201 13 13 35 17 0 8
8209 13 13 35 17 0 8
8217 13 13 35 17 0 8
8225 13 13 35 17 0 8
8233 13 13 35 17 0 8
8241 13 13 35 17 0 8
8249 13 13 35 17 0 8
8257 13 13 35 17 0 8
8265 13 13 35 17 0 8
8273 13 13 35 17 0 8
8281 13 13 35 17 0 8
8289 13 13 35 17 0 8
8297 13 13 35 17 0 8
8305 13 13 35 17 0 8
8313 13 13 35 17 0 8
8321 13 13 35 17 0 8
8329 13 13 35 17 0 8
8337 13 13 35 17 0 8
8345 13 13 35 17 0 8
8353 13 13 35 17 0 8
8361 13 13 35 17 0 8
8369 13 13 35 17 0 8
8377 13 13 35 17 0 8
8385 13 13 35 17 0 8
8393 13 13 35 17 0 8
8401 13 13 35 17 0 8
8409 13 13 35 17 0 8
8417 13 13 35 17 0 8
8425 13 13 35 17 0 8
8433 13 13 35 17 0 8
8441 13 13 35 17 0 8
8449 13 13 35 17 0 8
8457 13 13 35 17 0 8
8465 13 13 35 17 0 8
8473 13 13 35 17 0 8
8481 13 13 35 17 0 8
8489 13 13 35 17 0 8
8497 13 13 35 17 0 8
8505 13 13 35 17 0 8
8513 13 13 35 17 0 8
8521 13 13 35 17 0 8
8529 13 13 35 17 0 8
8537 13 13 35 17 0 8
8545 13 13 35 17 0 8
8553 13 13 35 17 0 8
8561 13 13 35 17 0 8
8569 13 13 35 17 0 8
8577 13 13 35 17 0 8
8585 13 13 35 17 0 8
8593 13 13 35 17 0 8
8601 13 13 35 17 0 8
8609 13 13 35 17 0 8
8617 13 13 35 17 0 8
8625 13 13 35 17 0 8
8633 13 13 35 17 0 8
8641 13 13 35 17 0 8
8649 13 13 35 17 0 8
8657 13 13 35 17 0 8
8665 13 13 35 17 0 8
8673 13 13 35 17 0 8
8681 13 13 35 17 0 8
8689 13 13 35 17 0 8
8697 13 13 35 17 0 8
8705 13 13 35 17 0 8
8713 13 13 35 17 0 8
8721 13 13 35 17 0 8
8729 13 13 35 17 0 8
8737 13 13 35 17 0 8
8745 13 13 35 17 0 8
8753 13 13 35 17 0 8
8761 13 13 35 17 0 8
8769 13 13 35 17 0 8
8777 13 13 35 17 0 8
8785 13 13 35 17 0 8
8793 13 13 35 17 0 8
8801 13 13 35 17 0 8
8809 13 13 35 17 0 8
8817 13 13 35 17 0 8
8825 13 13 35 17 0 8
8833 13 13 35 17 0 8
8841 13 13 35 17 0 8
8849 13 13 35 17 0 8
8857 13 13 35 17 0 8
8865 13 13 35 17 0 8
8873 13 13 35 17 0 8
8881 13 13 35 17 0 8
8889 13 13 35 17 0 8
8897 13 13 35 17 0 8
8905 13 13 35 17 0 8
8913 13 13 35 17 0 8
8921 13 13 35 17 0 8
8929 13 13 35 17 0 8
8937 13 13 35 17 0 8
8945 13 13 35 17 0 8
8953 13 13 35 17 0 8
8961 13 13 35 17 0 8
8969 13 13 35 17 0 8
8977 13 13 35 17 0 8
8985 13 13 35 17 0 8
8993 13 13 35 17 0 8
9001 13 13 35 17 0 8
9009 13 13 35 17 0 8
9017 13 13 35 17 0 8
9025 13 13 35 17 0 8
9033 13 13 35 17 0 8
9041 13 13 35 17 0 8
9049 13 13 35 17 0 8
9057 13 13 35 17 0 8
9065 13 13 35 17 0 8
9073 13 13 35 17 0 8
9081 13 13 35 17 0 8
9089 13 13 35 17 0 8
9097 13 13 35 17 0 8
9105 13 13 35 17 0 8
9113 13 13 35 17 0 8
9121 13 13 35 17 0 8
9129 13 13 35 17 0 8
9137 13 13 35 17 0 8
9145 13 13 35 17 0 8
9153 13 13 35 17 0 8
9161 13 13 35 17 0 8
9169 13 13 35 17 0 8
9177 13 13 35 17 0 8
9185 13 13 35 17 0 8
9193 13 13 35 17 0 8
9201 13 13 35 17 0 8
9209 13 13 35 17 0 8
9217 13 13 35 17 0 8
9225 13 13 35 17 0 8
9233 13 13 35 17 0 8
9241 13 13 35 17 0 8
9249 13 13 35 17 0 8
9257 13 13 35 17 0 8
9265 13 13 35 17 0 8
9273 13 13 35 17 0 8
9281 13 13 35 17 0 8
9289 13 13 35 17 0 8
9297 13 13 35 17 0 8
9305 13 13 35 17 0 8
9313 13 13 35 17 0 8
9321 13 13 35 17 0 8
9329 13 13 35 17 0 8
9337 13 13 35 17 0 8
9345 13 13 35 17 0 8
9353 13 13 35 17 0 8
9361 13 13 35 17 0 8
9369 13 13 35 17 0 8
9377 13 13 35 17 0 8
9385 13 13 35 17 0 8
9393 13 13 35 17 0 8
9401 13 13 35 17 0 8
9409 13 13 35 17 0 8
9417 13 13 35 17 0 8
9425 13 13 35 17 0 8
9433 13 13 35 17 0 8
9441 13 13 35 17 0 8
9449 13 13 35 17 0 8
9457 13 13 35 17 0 8
9465 13 13 35 17 0 8
9473 13 13 35 17 0 8
9481 13 13 35 17 0 8
9489 13 13 35 17 0 8
9497 13 13 35 17 0 8
9505 13 13 35 17 0 8
9513 13 13 35 17 0 8
9521 13 13 35 17 0 8
9529 13 13 35 17 0 8
9537 13 13 35 17 0 8
9545 13 13 35 17 0 8
9553 13 13 35 17 0 8
9561 13 13 35 17 0 8
9569 13 13 35 17 0 8
9577 13 13 35 17 0 8
9585 13 13 35 17 0 8
9593 13 13 35 17 0 8
9601 13 13 35 17 0 8
9609 13 13 35 17 0 8
9617 13 13 35 17 0 8
9625 13 13 35 17 0 8
9633 13 13 35 17 0 8
9641 13 13 35 17 0 8
9649 13 13 35 17 0 8
9657 13 13 35 17 0 8
9665 13 13 35 17 0 8
9673 13 13 35 17 0 8
9681 13 13 35 17 0 8
9689 13 13 35 17 0 8
9697 13 13 35 17 0 8
9705 13 13 35 17 0 8
9713 13 13 35 17 0 8
9721 13 13 35 17 0 8
9729 13 13 35 17 0 8
9737 13 13 35 17 0 8
9745 13 13 35 17 0 8
9753 13 13 35 17 0 8
9761 13 13 35 17 0 8
9769 13 13 35 17 0 8
9777 13 13 35 17 0 8
9785 13 13 35 17 0 8
9793 13 13 35 17 0 8
9801 13 13 35 17 0 8
9809 13 13 35 17 0 8
9817 13 13 35 17 0 8
9825 13 13 35 17 0 8
9833 13 13 35 17 0 8
9841 13 13 35 17 0 8
9849 13 13 35 17 0 8
9857 13 13 35 17 0 8
9865 13 13 35 17 0 8
9873 13 13 35 17 0 8
9881 13 13 35 17 0 8
9889 13 13 35 17 0 8
9897 13 13 35 17 0 8
9905 13 13 35 17 0 8
9913 13 13 35 17 0 8
9921 13 13 35 17 0 8
9929 13 13 35 17 0 8
9937 13 13 35 17 0 8
9945 13 13 35 17 0 8
9953 13 13 35 17 0 8
9961 13 13 35 17 0 8
9969 13 13 35 17 0 8
9977 13 13 35 17 0 8
9985 13 13 35 17 0 8
9993 13 13 35 17 0 8
10001 13 13 35 17 0 8
10009 13 13 35 17 0 8
10017 13 13 35 17 0 8
10025 13 13 35 17 0 8
10033 13 13 35 17 0 8
10041 13 13 35 17 0 8
10049 13 13 35 17 0 8
10057 13 13 35 17 0 8
10065 13 13 35 17 0 8
10073 13 13 35 17 0 8
10081 13 13 35 17 0 8
10089 13 13 35 17 0 8
10097 13 13 35 17 0 8
10105 13 13 35 17 0 8
10113 13 13 35 17 0 8
10121 13 13 35 17 0 8
10129 13 13 35 17 0 8
10137 13 13 35 17 0 8
10145 13 13 35 17 0 8
10153 13 13 35 17 0 8
10161 13 13 35 17 0 8
10169 13 13 35 17 0 8
10177 13 13 35 17 0 8
10185 13 13 35 17 0 8
10193 13 13 35 17 0 8
10201 13 13 35 17 0 8
10209 13 13 35 17 0 8
10217 13 13 35 17 0 8
10225 13 13 35 17 0 8
10233 13 13 35 17 0 8
