# cycle i_ni i_router o_ni o_router vnet flit
1 13 13 35 17 0 8
1 17 17 25 7 0 8
1 7 7 33 15 0 8
1 15 15 34 16 0 8
1 16 16 22 4 0 8
1 4 4 19 1 0 8
1 1 1 29 11 0 8
1 11 11 28 10 0 8
1 10 10 23 5 0 8
1 5 5 21 3 0 8
1 3 3 24 6 0 8
1 6 6 26 8 0 8
1 8 8 27 9 0 8
1 9 9 20 2 0 8
1 2 2 18 0 0 8
1 0 0 32 14 0 8
9 13 13 35 17 0 8
9 17 17 25 7 0 8
9 7 7 33 15 0 8
9 15 15 34 16 0 8
9 16 16 22 4 0 8
9 4 4 19 1 0 8
9 1 1 29 11 0 8
9 11 11 28 10 0 8
9 10 10 23 5 0 8
9 5 5 21 3 0 8
9 3 3 24 6 0 8
9 6 6 26 8 0 8
9 8 8 27 9 0 8
9 9 9 20 2 0 8
9 2 2 18 0 0 8
9 0 0 32 14 0 8
17 13 13 35 17 0 8
17 17 17 25 7 0 8
17 7 7 33 15 0 8
17 15 15 34 16 0 8
17 16 16 22 4 0 8
17 4 4 19 1 0 8
17 1 1 29 11 0 8
17 11 11 28 10 0 8
17 10 10 23 5 0 8
17 5 5 21 3 0 8
17 3 3 24 6 0 8
17 6 6 26 8 0 8
17 8 8 27 9 0 8
17 9 9 20 2 0 8
17 2 2 18 0 0 8
17 0 0 32 14 0 8
25 13 13 35 17 0 8
25 17 17 25 7 0 8
25 7 7 33 15 0 8
25 15 15 34 16 0 8
25 16 16 22 4 0 8
25 4 4 19 1 0 8
25 1 1 29 11 0 8
25 11 11 28 10 0 8
25 10 10 23 5 0 8
25 5 5 21 3 0 8
25 3 3 24 6 0 8
25 6 6 26 8 0 8
25 8 8 27 9 0 8
25 9 9 20 2 0 8
25 2 2 18 0 0 8
25 0 0 32 14 0 8
33 13 13 35 17 0 8
33 17 17 25 7 0 8
33 7 7 33 15 0 8
33 15 15 34 16 0 8
33 16 16 22 4 0 8
33 4 4 19 1 0 8
33 1 1 29 11 0 8
33 11 11 28 10 0 8
33 10 10 23 5 0 8
33 5 5 21 3 0 8
33 3 3 24 6 0 8
33 6 6 26 8 0 8
33 8 8 27 9 0 8
33 9 9 20 2 0 8
33 2 2 18 0 0 8
41 13 13 35 17 0 8
41 17 17 25 7 0 8
41 7 7 33 15 0 8
41 15 15 34 16 0 8
41 16 16 22 4 0 8
41 4 4 19 1 0 8
41 1 1 29 11 0 8
41 11 11 28 10 0 8
41 10 10 23 5 0 8
41 5 5 21 3 0 8
41 3 3 24 6 0 8
41 6 6 26 8 0 8
41 8 8 27 9 0 8
41 9 9 20 2 0 8
41 2 2 18 0 0 8
49 13 13 35 17 0 8
49 17 17 25 7 0 8
49 7 7 33 15 0 8
49 15 15 34 16 0 8
49 16 16 22 4 0 8
49 4 4 19 1 0 8
49 1 1 29 11 0 8
49 11 11 28 10 0 8
49 10 10 23 5 0 8
49 5 5 21 3 0 8
49 3 3 24 6 0 8
49 6 6 26 8 0 8
49 8 8 27 9 0 8
49 9 9 20 2 0 8
49 2 2 18 0 0 8
57 13 13 35 17 0 8
57 17 17 25 7 0 8
57 7 7 33 15 0 8
57 15 15 34 16 0 8
57 16 16 22 4 0 8
57 4 4 19 1 0 8
57 1 1 29 11 0 8
57 11 11 28 10 0 8
57 10 10 23 5 0 8
57 5 5 21 3 0 8
57 3 3 24 6 0 8
57 6 6 26 8 0 8
57 8 8 27 9 0 8
57 9 9 20 2 0 8
57 2 2 18 0 0 8
65 13 13 35 17 0 8
65 17 17 25 7 0 8
65 7 7 33 15 0 8
65 15 15 34 16 0 8
65 16 16 22 4 0 8
65 4 4 19 1 0 8
65 1 1 29 11 0 8
65 11 11 28 10 0 8
65 10 10 23 5 0 8
65 5 5 21 3 0 8
65 3 3 24 6 0 8
65 6 6 26 8 0 8
65 8 8 27 9 0 8
65 9 9 20 2 0 8
65 2 2 18 0 0 8
73 13 13 35 17 0 8
73 17 17 25 7 0 8
73 7 7 33 15 0 8
73 15 15 34 16 0 8
73 16 16 22 4 0 8
73 4 4 19 1 0 8
73 1 1 29 11 0 8
73 11 11 28 10 0 8
73 10 10 23 5 0 8
73 5 5 21 3 0 8
73 3 3 24 6 0 8
73 6 6 26 8 0 8
73 8 8 27 9 0 8
73 9 9 20 2 0 8
73 2 2 18 0 0 8
81 13 13 35 17 0 8
81 17 17 25 7 0 8
81 7 7 33 15 0 8
81 15 15 34 16 0 8
81 16 16 22 4 0 8
81 4 4 19 1 0 8
81 1 1 29 11 0 8
81 11 11 28 10 0 8
81 10 10 23 5 0 8
81 5 5 21 3 0 8
81 3 3 24 6 0 8
81 6 6 26 8 0 8
81 8 8 27 9 0 8
81 9 9 20 2 0 8
81 2 2 18 0 0 8
89 13 13 35 17 0 8
89 17 17 25 7 0 8
89 7 7 33 15 0 8
89 15 15 34 16 0 8
89 16 16 22 4 0 8
89 4 4 19 1 0 8
89 1 1 29 11 0 8
89 11 11 28 10 0 8
89 10 10 23 5 0 8
89 5 5 21 3 0 8
89 3 3 24 6 0 8
89 6 6 26 8 0 8
89 8 8 27 9 0 8
89 9 9 20 2 0 8
89 2 2 18 0 0 8
97 13 13 35 17 0 8
97 17 17 25 7 0 8
97 7 7 33 15 0 8
97 15 15 34 16 0 8
97 16 16 22 4 0 8
97 4 4 19 1 0 8
97 1 1 29 11 0 8
97 11 11 28 10 0 8
97 10 10 23 5 0 8
97 5 5 21 3 0 8
97 3 3 24 6 0 8
97 6 6 26 8 0 8
97 8 8 27 9 0 8
97 9 9 20 2 0 8
97 2 2 18 0 0 8
105 13 13 35 17 0 8
105 17 17 25 7 0 8
105 7 7 33 15 0 8
105 15 15 34 16 0 8
105 16 16 22 4 0 8
105 4 4 19 1 0 8
105 1 1 29 11 0 8
105 11 11 28 10 0 8
105 10 10 23 5 0 8
105 5 5 21 3 0 8
105 3 3 24 6 0 8
105 6 6 26 8 0 8
105 8 8 27 9 0 8
105 9 9 20 2 0 8
105 2 2 18 0 0 8
113 13 13 35 17 0 8
113 17 17 25 7 0 8
113 7 7 33 15 0 8
113 15 15 34 16 0 8
113 16 16 22 4 0 8
113 4 4 19 1 0 8
113 1 1 29 11 0 8
113 11 11 28 10 0 8
113 10 10 23 5 0 8
113 5 5 21 3 0 8
113 3 3 24 6 0 8
113 6 6 26 8 0 8
113 8 8 27 9 0 8
113 9 9 20 2 0 8
113 2 2 18 0 0 8
121 13 13 35 17 0 8
121 17 17 25 7 0 8
121 7 7 33 15 0 8
121 15 15 34 16 0 8
121 16 16 22 4 0 8
121 4 4 19 1 0 8
121 1 1 29 11 0 8
121 11 11 28 10 0 8
121 10 10 23 5 0 8
121 5 5 21 3 0 8
121 3 3 24 6 0 8
121 6 6 26 8 0 8
121 8 8 27 9 0 8
121 9 9 20 2 0 8
121 2 2 18 0 0 8
129 13 13 35 17 0 8
129 17 17 25 7 0 8
129 7 7 33 15 0 8
129 15 15 34 16 0 8
129 16 16 22 4 0 8
129 4 4 19 1 0 8
129 1 1 29 11 0 8
129 11 11 28 10 0 8
129 10 10 23 5 0 8
129 5 5 21 3 0 8
129 3 3 24 6 0 8
137 13 13 35 17 0 8
137 17 17 25 7 0 8
137 7 7 33 15 0 8
137 15 15 34 16 0 8
137 16 16 22 4 0 8
137 4 4 19 1 0 8
137 1 1 29 11 0 8
137 11 11 28 10 0 8
137 10 10 23 5 0 8
137 5 5 21 3 0 8
137 3 3 24 6 0 8
145 13 13 35 17 0 8
145 17 17 25 7 0 8
145 7 7 33 15 0 8
145 15 15 34 16 0 8
145 16 16 22 4 0 8
145 4 4 19 1 0 8
145 1 1 29 11 0 8
145 11 11 28 10 0 8
145 10 10 23 5 0 8
145 5 5 21 3 0 8
145 3 3 24 6 0 8
153 13 13 35 17 0 8
153 17 17 25 7 0 8
153 7 7 33 15 0 8
153 15 15 34 16 0 8
153 16 16 22 4 0 8
153 4 4 19 1 0 8
153 1 1 29 11 0 8
153 11 11 28 10 0 8
153 10 10 23 5 0 8
153 5 5 21 3 0 8
153 3 3 24 6 0 8
161 13 13 35 17 0 8
161 17 17 25 7 0 8
161 7 7 33 15 0 8
161 15 15 34 16 0 8
161 16 16 22 4 0 8
161 4 4 19 1 0 8
161 1 1 29 11 0 8
161 11 11 28 10 0 8
161 10 10 23 5 0 8
161 5 5 21 3 0 8
161 3 3 24 6 0 8
169 13 13 35 17 0 8
169 17 17 25 7 0 8
169 7 7 33 15 0 8
169 15 15 34 16 0 8
169 16 16 22 4 0 8
169 4 4 19 1 0 8
169 1 1 29 11 0 8
169 11 11 28 10 0 8
169 10 10 23 5 0 8
169 5 5 21 3 0 8
169 3 3 24 6 0 8
177 13 13 35 17 0 8
177 17 17 25 7 0 8
177 7 7 33 15 0 8
177 15 15 34 16 0 8
177 16 16 22 4 0 8
177 4 4 19 1 0 8
177 1 1 29 11 0 8
177 11 11 28 10 0 8
177 10 10 23 5 0 8
177 5 5 21 3 0 8
177 3 3 24 6 0 8
185 13 13 35 17 0 8
185 17 17 25 7 0 8
185 7 7 33 15 0 8
185 15 15 34 16 0 8
185 16 16 22 4 0 8
185 4 4 19 1 0 8
185 1 1 29 11 0 8
185 11 11 28 10 0 8
185 10 10 23 5 0 8
185 5 5 21 3 0 8
185 3 3 24 6 0 8
193 13 13 35 17 0 8
193 17 17 25 7 0 8
193 7 7 33 15 0 8
193 15 15 34 16 0 8
193 16 16 22 4 0 8
193 4 4 19 1 0 8
193 1 1 29 11 0 8
193 11 11 28 10 0 8
193 10 10 23 5 0 8
193 5 5 21 3 0 8
193 3 3 24 6 0 8
201 13 13 35 17 0 8
201 17 17 25 7 0 8
201 7 7 33 15 0 8
201 15 15 34 16 0 8
201 16 16 22 4 0 8
201 4 4 19 1 0 8
201 1 1 29 11 0 8
201 11 11 28 10 0 8
201 10 10 23 5 0 8
201 5 5 21 3 0 8
201 3 3 24 6 0 8
209 13 13 35 17 0 8
209 17 17 25 7 0 8
209 7 7 33 15 0 8
209 15 15 34 16 0 8
209 16 16 22 4 0 8
209 4 4 19 1 0 8
209 1 1 29 11 0 8
209 11 11 28 10 0 8
209 10 10 23 5 0 8
209 5 5 21 3 0 8
209 3 3 24 6 0 8
217 13 13 35 17 0 8
217 17 17 25 7 0 8
217 7 7 33 15 0 8
217 15 15 34 16 0 8
217 16 16 22 4 0 8
217 4 4 19 1 0 8
217 1 1 29 11 0 8
217 11 11 28 10 0 8
217 10 10 23 5 0 8
217 5 5 21 3 0 8
217 3 3 24 6 0 8
225 13 13 35 17 0 8
225 17 17 25 7 0 8
225 7 7 33 15 0 8
225 15 15 34 16 0 8
225 16 16 22 4 0 8
225 4 4 19 1 0 8
225 1 1 29 11 0 8
225 11 11 28 10 0 8
225 10 10 23 5 0 8
225 5 5 21 3 0 8
225 3 3 24 6 0 8
233 13 13 35 17 0 8
233 17 17 25 7 0 8
233 7 7 33 15 0 8
233 15 15 34 16 0 8
233 16 16 22 4 0 8
233 4 4 19 1 0 8
233 1 1 29 11 0 8
233 11 11 28 10 0 8
233 10 10 23 5 0 8
233 5 5 21 3 0 8
233 3 3 24 6 0 8
241 13 13 35 17 0 8
241 17 17 25 7 0 8
241 7 7 33 15 0 8
241 15 15 34 16 0 8
241 16 16 22 4 0 8
241 4 4 19 1 0 8
241 1 1 29 11 0 8
241 11 11 28 10 0 8
241 10 10 23 5 0 8
241 5 5 21 3 0 8
241 3 3 24 6 0 8
249 13 13 35 17 0 8
249 17 17 25 7 0 8
249 7 7 33 15 0 8
249 15 15 34 16 0 8
249 16 16 22 4 0 8
249 4 4 19 1 0 8
249 1 1 29 11 0 8
249 11 11 28 10 0 8
249 10 10 23 5 0 8
249 5 5 21 3 0 8
249 3 3 24 6 0 8
257 13 13 35 17 0 8
257 17 17 25 7 0 8
257 7 7 33 15 0 8
257 15 15 34 16 0 8
257 16 16 22 4 0 8
257 4 4 19 1 0 8
257 1 1 29 11 0 8
257 11 11 28 10 0 8
257 10 10 23 5 0 8
257 5 5 21 3 0 8
257 3 3 24 6 0 8
265 13 13 35 17 0 8
265 17 17 25 7 0 8
265 7 7 33 15 0 8
265 15 15 34 16 0 8
265 16 16 22 4 0 8
265 4 4 19 1 0 8
265 1 1 29 11 0 8
265 11 11 28 10 0 8
265 10 10 23 5 0 8
265 5 5 21 3 0 8
265 3 3 24 6 0 8
273 13 13 35 17 0 8
273 17 17 25 7 0 8
273 7 7 33 15 0 8
273 15 15 34 16 0 8
273 16 16 22 4 0 8
273 4 4 19 1 0 8
273 1 1 29 11 0 8
273 11 11 28 10 0 8
273 10 10 23 5 0 8
273 5 5 21 3 0 8
273 3 3 24 6 0 8
281 13 13 35 17 0 8
281 17 17 25 7 0 8
281 7 7 33 15 0 8
281 15 15 34 16 0 8
281 16 16 22 4 0 8
281 4 4 19 1 0 8
281 1 1 29 11 0 8
281 11 11 28 10 0 8
281 10 10 23 5 0 8
281 5 5 21 3 0 8
281 3 3 24 6 0 8
289 13 13 35 17 0 8
289 17 17 25 7 0 8
289 7 7 33 15 0 8
289 15 15 34 16 0 8
289 16 16 22 4 0 8
289 4 4 19 1 0 8
289 1 1 29 11 0 8
289 11 11 28 10 0 8
289 10 10 23 5 0 8
289 5 5 21 3 0 8
289 3 3 24 6 0 8
297 13 13 35 17 0 8
297 17 17 25 7 0 8
297 7 7 33 15 0 8
297 15 15 34 16 0 8
297 16 16 22 4 0 8
297 4 4 19 1 0 8
297 1 1 29 11 0 8
297 11 11 28 10 0 8
297 10 10 23 5 0 8
297 5 5 21 3 0 8
297 3 3 24 6 0 8
305 13 13 35 17 0 8
305 17 17 25 7 0 8
305 7 7 33 15 0 8
305 15 15 34 16 0 8
305 16 16 22 4 0 8
305 4 4 19 1 0 8
305 1 1 29 11 0 8
305 11 11 28 10 0 8
305 10 10 23 5 0 8
305 5 5 21 3 0 8
305 3 3 24 6 0 8
313 13 13 35 17 0 8
313 17 17 25 7 0 8
313 7 7 33 15 0 8
313 15 15 34 16 0 8
313 16 16 22 4 0 8
313 4 4 19 1 0 8
313 1 1 29 11 0 8
313 11 11 28 10 0 8
313 10 10 23 5 0 8
313 5 5 21 3 0 8
313 3 3 24 6 0 8
321 13 13 35 17 0 8
321 17 17 25 7 0 8
321 7 7 33 15 0 8
321 15 15 34 16 0 8
321 16 16 22 4 0 8
321 4 4 19 1 0 8
321 1 1 29 11 0 8
321 11 11 28 10 0 8
321 10 10 23 5 0 8
321 5 5 21 3 0 8
321 3 3 24 6 0 8
329 13 13 35 17 0 8
329 17 17 25 7 0 8
329 7 7 33 15 0 8
329 15 15 34 16 0 8
329 16 16 22 4 0 8
329 4 4 19 1 0 8
329 1 1 29 11 0 8
329 11 11 28 10 0 8
329 10 10 23 5 0 8
329 5 5 21 3 0 8
329 3 3 24 6 0 8
337 13 13 35 17 0 8
337 17 17 25 7 0 8
337 7 7 33 15 0 8
337 15 15 34 16 0 8
337 16 16 22 4 0 8
337 4 4 19 1 0 8
337 1 1 29 11 0 8
337 11 11 28 10 0 8
337 10 10 23 5 0 8
337 5 5 21 3 0 8
337 3 3 24 6 0 8
345 13 13 35 17 0 8
345 17 17 25 7 0 8
345 7 7 33 15 0 8
345 15 15 34 16 0 8
345 16 16 22 4 0 8
345 4 4 19 1 0 8
345 1 1 29 11 0 8
345 11 11 28 10 0 8
345 10 10 23 5 0 8
345 5 5 21 3 0 8
345 3 3 24 6 0 8
353 13 13 35 17 0 8
353 17 17 25 7 0 8
353 7 7 33 15 0 8
353 15 15 34 16 0 8
353 16 16 22 4 0 8
353 4 4 19 1 0 8
353 1 1 29 11 0 8
353 11 11 28 10 0 8
353 10 10 23 5 0 8
353 5 5 21 3 0 8
353 3 3 24 6 0 8
361 13 13 35 17 0 8
361 17 17 25 7 0 8
361 7 7 33 15 0 8
361 15 15 34 16 0 8
361 16 16 22 4 0 8
361 4 4 19 1 0 8
361 1 1 29 11 0 8
361 11 11 28 10 0 8
361 10 10 23 5 0 8
361 5 5 21 3 0 8
361 3 3 24 6 0 8
369 13 13 35 17 0 8
369 17 17 25 7 0 8
369 7 7 33 15 0 8
369 15 15 34 16 0 8
369 16 16 22 4 0 8
369 4 4 19 1 0 8
369 1 1 29 11 0 8
369 11 11 28 10 0 8
369 10 10 23 5 0 8
369 5 5 21 3 0 8
369 3 3 24 6 0 8
377 13 13 35 17 0 8
377 17 17 25 7 0 8
377 7 7 33 15 0 8
377 15 15 34 16 0 8
377 16 16 22 4 0 8
377 4 4 19 1 0 8
377 1 1 29 11 0 8
377 11 11 28 10 0 8
377 10 10 23 5 0 8
377 5 5 21 3 0 8
377 3 3 24 6 0 8
385 13 13 35 17 0 8
385 17 17 25 7 0 8
385 7 7 33 15 0 8
385 15 15 34 16 0 8
385 16 16 22 4 0 8
385 4 4 19 1 0 8
385 1 1 29 11 0 8
385 11 11 28 10 0 8
385 10 10 23 5 0 8
385 5 5 21 3 0 8
385 3 3 24 6 0 8
393 13 13 35 17 0 8
393 17 17 25 7 0 8
393 7 7 33 15 0 8
393 15 15 34 16 0 8
393 16 16 22 4 0 8
393 4 4 19 1 0 8
393 1 1 29 11 0 8
393 11 11 28 10 0 8
393 10 10 23 5 0 8
393 5 5 21 3 0 8
393 3 3 24 6 0 8
401 13 13 35 17 0 8
401 17 17 25 7 0 8
401 7 7 33 15 0 8
401 15 15 34 16 0 8
401 16 16 22 4 0 8
401 4 4 19 1 0 8
401 1 1 29 11 0 8
401 11 11 28 10 0 8
401 10 10 23 5 0 8
401 5 5 21 3 0 8
401 3 3 24 6 0 8
409 13 13 35 17 0 8
409 17 17 25 7 0 8
409 7 7 33 15 0 8
409 15 15 34 16 0 8
409 16 16 22 4 0 8
409 4 4 19 1 0 8
409 1 1 29 11 0 8
409 11 11 28 10 0 8
409 10 10 23 5 0 8
409 5 5 21 3 0 8
409 3 3 24 6 0 8
417 13 13 35 17 0 8
417 17 17 25 7 0 8
417 7 7 33 15 0 8
417 15 15 34 16 0 8
417 16 16 22 4 0 8
417 4 4 19 1 0 8
417 1 1 29 11 0 8
417 11 11 28 10 0 8
417 10 10 23 5 0 8
417 5 5 21 3 0 8
417 3 3 24 6 0 8
425 13 13 35 17 0 8
425 17 17 25 7 0 8
425 7 7 33 15 0 8
425 15 15 34 16 0 8
425 16 16 22 4 0 8
425 4 4 19 1 0 8
425 1 1 29 11 0 8
425 11 11 28 10 0 8
425 10 10 23 5 0 8
425 5 5 21 3 0 8
425 3 3 24 6 0 8
433 13 13 35 17 0 8
433 17 17 25 7 0 8
433 7 7 33 15 0 8
433 15 15 34 16 0 8
433 16 16 22 4 0 8
433 4 4 19 1 0 8
433 1 1 29 11 0 8
433 11 11 28 10 0 8
433 10 10 23 5 0 8
433 5 5 21 3 0 8
433 3 3 24 6 0 8
441 13 13 35 17 0 8
441 17 17 25 7 0 8
441 7 7 33 15 0 8
441 15 15 34 16 0 8
441 16 16 22 4 0 8
441 4 4 19 1 0 8
441 1 1 29 11 0 8
441 11 11 28 10 0 8
441 10 10 23 5 0 8
441 5 5 21 3 0 8
441 3 3 24 6 0 8
449 13 13 35 17 0 8
449 17 17 25 7 0 8
449 7 7 33 15 0 8
449 15 15 34 16 0 8
449 16 16 22 4 0 8
449 4 4 19 1 0 8
449 1 1 29 11 0 8
449 11 11 28 10 0 8
449 10 10 23 5 0 8
449 5 5 21 3 0 8
449 3 3 24 6 0 8
457 13 13 35 17 0 8
457 17 17 25 7 0 8
457 7 7 33 15 0 8
457 15 15 34 16 0 8
457 16 16 22 4 0 8
457 4 4 19 1 0 8
457 1 1 29 11 0 8
457 11 11 28 10 0 8
457 10 10 23 5 0 8
457 5 5 21 3 0 8
457 3 3 24 6 0 8
465 13 13 35 17 0 8
465 17 17 25 7 0 8
465 7 7 33 15 0 8
465 15 15 34 16 0 8
465 16 16 22 4 0 8
465 4 4 19 1 0 8
465 1 1 29 11 0 8
465 11 11 28 10 0 8
465 10 10 23 5 0 8
465 5 5 21 3 0 8
465 3 3 24 6 0 8
473 13 13 35 17 0 8
473 17 17 25 7 0 8
473 7 7 33 15 0 8
473 15 15 34 16 0 8
473 16 16 22 4 0 8
473 4 4 19 1 0 8
473 1 1 29 11 0 8
473 11 11 28 10 0 8
473 10 10 23 5 0 8
473 5 5 21 3 0 8
473 3 3 24 6 0 8
481 13 13 35 17 0 8
481 17 17 25 7 0 8
481 7 7 33 15 0 8
481 15 15 34 16 0 8
481 16 16 22 4 0 8
481 4 4 19 1 0 8
481 1 1 29 11 0 8
481 11 11 28 10 0 8
481 10 10 23 5 0 8
481 5 5 21 3 0 8
481 3 3 24 6 0 8
489 13 13 35 17 0 8
489 17 17 25 7 0 8
489 7 7 33 15 0 8
489 15 15 34 16 0 8
489 16 16 22 4 0 8
489 4 4 19 1 0 8
489 1 1 29 11 0 8
489 11 11 28 10 0 8
489 10 10 23 5 0 8
489 5 5 21 3 0 8
489 3 3 24 6 0 8
497 13 13 35 17 0 8
497 17 17 25 7 0 8
497 7 7 33 15 0 8
497 15 15 34 16 0 8
497 16 16 22 4 0 8
497 4 4 19 1 0 8
497 1 1 29 11 0 8
497 11 11 28 10 0 8
497 10 10 23 5 0 8
497 5 5 21 3 0 8
497 3 3 24 6 0 8
505 13 13 35 17 0 8
505 17 17 25 7 0 8
505 7 7 33 15 0 8
505 15 15 34 16 0 8
505 16 16 22 4 0 8
505 4 4 19 1 0 8
505 1 1 29 11 0 8
505 11 11 28 10 0 8
505 10 10 23 5 0 8
505 5 5 21 3 0 8
505 3 3 24 6 0 8
513 13 13 35 17 0 8
513 17 17 25 7 0 8
513 7 7 33 15 0 8
513 15 15 34 16 0 8
513 16 16 22 4 0 8
513 4 4 19 1 0 8
513 1 1 29 11 0 8
521 13 13 35 17 0 8
521 17 17 25 7 0 8
521 7 7 33 15 0 8
521 15 15 34 16 0 8
521 16 16 22 4 0 8
521 4 4 19 1 0 8
521 1 1 29 11 0 8
529 13 13 35 17 0 8
529 17 17 25 7 0 8
529 7 7 33 15 0 8
529 15 15 34 16 0 8
529 16 16 22 4 0 8
529 4 4 19 1 0 8
529 1 1 29 11 0 8
537 13 13 35 17 0 8
537 17 17 25 7 0 8
537 7 7 33 15 0 8
537 15 15 34 16 0 8
537 16 16 22 4 0 8
537 4 4 19 1 0 8
537 1 1 29 11 0 8
545 13 13 35 17 0 8
545 17 17 25 7 0 8
545 7 7 33 15 0 8
545 15 15 34 16 0 8
545 16 16 22 4 0 8
545 4 4 19 1 0 8
545 1 1 29 11 0 8
553 13 13 35 17 0 8
553 17 17 25 7 0 8
553 7 7 33 15 0 8
553 15 15 34 16 0 8
553 16 16 22 4 0 8
553 4 4 19 1 0 8
553 1 1 29 11 0 8
561 13 13 35 17 0 8
561 17 17 25 7 0 8
561 7 7 33 15 0 8
561 15 15 34 16 0 8
561 16 16 22 4 0 8
561 4 4 19 1 0 8
561 1 1 29 11 0 8
569 13 13 35 17 0 8
569 17 17 25 7 0 8
569 7 7 33 15 0 8
569 15 15 34 16 0 8
569 16 16 22 4 0 8
569 4 4 19 1 0 8
569 1 1 29 11 0 8
577 13 13 35 17 0 8
577 17 17 25 7 0 8
577 7 7 33 15 0 8
577 15 15 34 16 0 8
577 16 16 22 4 0 8
577 4 4 19 1 0 8
577 1 1 29 11 0 8
585 13 13 35 17 0 8
585 17 17 25 7 0 8
585 7 7 33 15 0 8
585 15 15 34 16 0 8
585 16 16 22 4 0 8
585 4 4 19 1 0 8
585 1 1 29 11 0 8
593 13 13 35 17 0 8
593 17 17 25 7 0 8
593 7 7 33 15 0 8
593 15 15 34 16 0 8
593 16 16 22 4 0 8
593 4 4 19 1 0 8
593 1 1 29 11 0 8
601 13 13 35 17 0 8
601 17 17 25 7 0 8
601 7 7 33 15 0 8
601 15 15 34 16 0 8
601 16 16 22 4 0 8
601 4 4 19 1 0 8
601 1 1 29 11 0 8
609 13 13 35 17 0 8
609 17 17 25 7 0 8
609 7 7 33 15 0 8
609 15 15 34 16 0 8
609 16 16 22 4 0 8
609 4 4 19 1 0 8
609 1 1 29 11 0 8
617 13 13 35 17 0 8
617 17 17 25 7 0 8
617 7 7 33 15 0 8
617 15 15 34 16 0 8
617 16 16 22 4 0 8
617 4 4 19 1 0 8
617 1 1 29 11 0 8
625 13 13 35 17 0 8
625 17 17 25 7 0 8
625 7 7 33 15 0 8
625 15 15 34 16 0 8
625 16 16 22 4 0 8
625 4 4 19 1 0 8
625 1 1 29 11 0 8
633 13 13 35 17 0 8
633 17 17 25 7 0 8
633 7 7 33 15 0 8
633 15 15 34 16 0 8
633 16 16 22 4 0 8
633 4 4 19 1 0 8
633 1 1 29 11 0 8
641 13 13 35 17 0 8
641 17 17 25 7 0 8
641 7 7 33 15 0 8
641 15 15 34 16 0 8
641 16 16 22 4 0 8
641 4 4 19 1 0 8
641 1 1 29 11 0 8
649 13 13 35 17 0 8
649 17 17 25 7 0 8
649 7 7 33 15 0 8
649 15 15 34 16 0 8
649 16 16 22 4 0 8
649 4 4 19 1 0 8
649 1 1 29 11 0 8
657 13 13 35 17 0 8
657 17 17 25 7 0 8
657 7 7 33 15 0 8
657 15 15 34 16 0 8
657 16 16 22 4 0 8
657 4 4 19 1 0 8
657 1 1 29 11 0 8
665 13 13 35 17 0 8
665 17 17 25 7 0 8
665 7 7 33 15 0 8
665 15 15 34 16 0 8
665 16 16 22 4 0 8
665 4 4 19 1 0 8
665 1 1 29 11 0 8
673 13 13 35 17 0 8
673 17 17 25 7 0 8
673 7 7 33 15 0 8
673 15 15 34 16 0 8
673 16 16 22 4 0 8
673 4 4 19 1 0 8
673 1 1 29 11 0 8
681 13 13 35 17 0 8
681 17 17 25 7 0 8
681 7 7 33 15 0 8
681 15 15 34 16 0 8
681 16 16 22 4 0 8
681 4 4 19 1 0 8
681 1 1 29 11 0 8
689 13 13 35 17 0 8
689 17 17 25 7 0 8
689 7 7 33 15 0 8
689 15 15 34 16 0 8
689 16 16 22 4 0 8
689 4 4 19 1 0 8
689 1 1 29 11 0 8
697 13 13 35 17 0 8
697 17 17 25 7 0 8
697 7 7 33 15 0 8
697 15 15 34 16 0 8
697 16 16 22 4 0 8
697 4 4 19 1 0 8
697 1 1 29 11 0 8
705 13 13 35 17 0 8
705 17 17 25 7 0 8
705 7 7 33 15 0 8
705 15 15 34 16 0 8
705 16 16 22 4 0 8
705 4 4 19 1 0 8
705 1 1 29 11 0 8
713 13 13 35 17 0 8
713 17 17 25 7 0 8
713 7 7 33 15 0 8
713 15 15 34 16 0 8
713 16 16 22 4 0 8
713 4 4 19 1 0 8
713 1 1 29 11 0 8
721 13 13 35 17 0 8
721 17 17 25 7 0 8
721 7 7 33 15 0 8
721 15 15 34 16 0 8
721 16 16 22 4 0 8
721 4 4 19 1 0 8
721 1 1 29 11 0 8
729 13 13 35 17 0 8
729 17 17 25 7 0 8
729 7 7 33 15 0 8
729 15 15 34 16 0 8
729 16 16 22 4 0 8
729 4 4 19 1 0 8
729 1 1 29 11 0 8
737 13 13 35 17 0 8
737 17 17 25 7 0 8
737 7 7 33 15 0 8
737 15 15 34 16 0 8
737 16 16 22 4 0 8
737 4 4 19 1 0 8
737 1 1 29 11 0 8
745 13 13 35 17 0 8
745 17 17 25 7 0 8
745 7 7 33 15 0 8
745 15 15 34 16 0 8
745 16 16 22 4 0 8
745 4 4 19 1 0 8
745 1 1 29 11 0 8
753 13 13 35 17 0 8
753 17 17 25 7 0 8
753 7 7 33 15 0 8
753 15 15 34 16 0 8
753 16 16 22 4 0 8
753 4 4 19 1 0 8
753 1 1 29 11 0 8
761 13 13 35 17 0 8
761 17 17 25 7 0 8
761 7 7 33 15 0 8
761 15 15 34 16 0 8
761 16 16 22 4 0 8
761 4 4 19 1 0 8
761 1 1 29 11 0 8
769 13 13 35 17 0 8
769 17 17 25 7 0 8
769 7 7 33 15 0 8
769 15 15 34 16 0 8
769 16 16 22 4 0 8
769 4 4 19 1 0 8
769 1 1 29 11 0 8
777 13 13 35 17 0 8
777 17 17 25 7 0 8
777 7 7 33 15 0 8
777 15 15 34 16 0 8
777 16 16 22 4 0 8
777 4 4 19 1 0 8
777 1 1 29 11 0 8
785 13 13 35 17 0 8
785 17 17 25 7 0 8
785 7 7 33 15 0 8
785 15 15 34 16 0 8
785 16 16 22 4 0 8
785 4 4 19 1 0 8
785 1 1 29 11 0 8
793 13 13 35 17 0 8
793 17 17 25 7 0 8
793 7 7 33 15 0 8
793 15 15 34 16 0 8
793 16 16 22 4 0 8
793 4 4 19 1 0 8
793 1 1 29 11 0 8
801 13 13 35 17 0 8
801 17 17 25 7 0 8
801 7 7 33 15 0 8
801 15 15 34 16 0 8
801 16 16 22 4 0 8
801 4 4 19 1 0 8
801 1 1 29 11 0 8
809 13 13 35 17 0 8
809 17 17 25 7 0 8
809 7 7 33 15 0 8
809 15 15 34 16 0 8
809 16 16 22 4 0 8
809 4 4 19 1 0 8
809 1 1 29 11 0 8
817 13 13 35 17 0 8
817 17 17 25 7 0 8
817 7 7 33 15 0 8
817 15 15 34 16 0 8
817 16 16 22 4 0 8
817 4 4 19 1 0 8
817 1 1 29 11 0 8
825 13 13 35 17 0 8
825 17 17 25 7 0 8
825 7 7 33 15 0 8
825 15 15 34 16 0 8
825 16 16 22 4 0 8
825 4 4 19 1 0 8
825 1 1 29 11 0 8
833 13 13 35 17 0 8
833 17 17 25 7 0 8
833 7 7 33 15 0 8
833 15 15 34 16 0 8
833 16 16 22 4 0 8
833 4 4 19 1 0 8
833 1 1 29 11 0 8
841 13 13 35 17 0 8
841 17 17 25 7 0 8
841 7 7 33 15 0 8
841 15 15 34 16 0 8
841 16 16 22 4 0 8
841 4 4 19 1 0 8
841 1 1 29 11 0 8
849 13 13 35 17 0 8
849 17 17 25 7 0 8
849 7 7 33 15 0 8
849 15 15 34 16 0 8
849 16 16 22 4 0 8
849 4 4 19 1 0 8
849 1 1 29 11 0 8
857 13 13 35 17 0 8
857 17 17 25 7 0 8
857 7 7 33 15 0 8
857 15 15 34 16 0 8
857 16 16 22 4 0 8
857 4 4 19 1 0 8
857 1 1 29 11 0 8
865 13 13 35 17 0 8
865 17 17 25 7 0 8
865 7 7 33 15 0 8
865 15 15 34 16 0 8
865 16 16 22 4 0 8
865 4 4 19 1 0 8
865 1 1 29 11 0 8
873 13 13 35 17 0 8
873 17 17 25 7 0 8
873 7 7 33 15 0 8
873 15 15 34 16 0 8
873 16 16 22 4 0 8
873 4 4 19 1 0 8
873 1 1 29 11 0 8
881 13 13 35 17 0 8
881 17 17 25 7 0 8
881 7 7 33 15 0 8
881 15 15 34 16 0 8
881 16 16 22 4 0 8
881 4 4 19 1 0 8
881 1 1 29 11 0 8
889 13 13 35 17 0 8
889 17 17 25 7 0 8
889 7 7 33 15 0 8
889 15 15 34 16 0 8
889 16 16 22 4 0 8
889 4 4 19 1 0 8
889 1 1 29 11 0 8
897 13 13 35 17 0 8
897 17 17 25 7 0 8
897 7 7 33 15 0 8
897 15 15 34 16 0 8
897 16 16 22 4 0 8
897 4 4 19 1 0 8
897 1 1 29 11 0 8
905 13 13 35 17 0 8
905 17 17 25 7 0 8
905 7 7 33 15 0 8
905 15 15 34 16 0 8
905 16 16 22 4 0 8
905 4 4 19 1 0 8
905 1 1 29 11 0 8
913 13 13 35 17 0 8
913 17 17 25 7 0 8
913 7 7 33 15 0 8
913 15 15 34 16 0 8
913 16 16 22 4 0 8
913 4 4 19 1 0 8
913 1 1 29 11 0 8
921 13 13 35 17 0 8
921 17 17 25 7 0 8
921 7 7 33 15 0 8
921 15 15 34 16 0 8
921 16 16 22 4 0 8
921 4 4 19 1 0 8
921 1 1 29 11 0 8
929 13 13 35 17 0 8
929 17 17 25 7 0 8
929 7 7 33 15 0 8
929 15 15 34 16 0 8
929 16 16 22 4 0 8
929 4 4 19 1 0 8
929 1 1 29 11 0 8
937 13 13 35 17 0 8
937 17 17 25 7 0 8
937 7 7 33 15 0 8
937 15 15 34 16 0 8
937 16 16 22 4 0 8
937 4 4 19 1 0 8
937 1 1 29 11 0 8
945 13 13 35 17 0 8
945 17 17 25 7 0 8
945 7 7 33 15 0 8
945 15 15 34 16 0 8
945 16 16 22 4 0 8
945 4 4 19 1 0 8
945 1 1 29 11 0 8
953 13 13 35 17 0 8
953 17 17 25 7 0 8
953 7 7 33 15 0 8
953 15 15 34 16 0 8
953 16 16 22 4 0 8
953 4 4 19 1 0 8
953 1 1 29 11 0 8
961 13 13 35 17 0 8
961 17 17 25 7 0 8
961 7 7 33 15 0 8
961 15 15 34 16 0 8
961 16 16 22 4 0 8
961 4 4 19 1 0 8
961 1 1 29 11 0 8
969 13 13 35 17 0 8
969 17 17 25 7 0 8
969 7 7 33 15 0 8
969 15 15 34 16 0 8
969 16 16 22 4 0 8
969 4 4 19 1 0 8
969 1 1 29 11 0 8
977 13 13 35 17 0 8
977 17 17 25 7 0 8
977 7 7 33 15 0 8
977 15 15 34 16 0 8
977 16 16 22 4 0 8
977 4 4 19 1 0 8
977 1 1 29 11 0 8
985 13 13 35 17 0 8
985 17 17 25 7 0 8
985 7 7 33 15 0 8
985 15 15 34 16 0 8
985 16 16 22 4 0 8
985 4 4 19 1 0 8
985 1 1 29 11 0 8
993 13 13 35 17 0 8
993 17 17 25 7 0 8
993 7 7 33 15 0 8
993 15 15 34 16 0 8
993 16 16 22 4 0 8
993 4 4 19 1 0 8
993 1 1 29 11 0 8
1001 13 13 35 17 0 8
1001 17 17 25 7 0 8
1001 7 7 33 15 0 8
1001 15 15 34 16 0 8
1001 16 16 22 4 0 8
1001 4 4 19 1 0 8
1001 1 1 29 11 0 8
1009 13 13 35 17 0 8
1009 17 17 25 7 0 8
1009 7 7 33 15 0 8
1009 15 15 34 16 0 8
1009 16 16 22 4 0 8
1009 4 4 19 1 0 8
1009 1 1 29 11 0 8
1017 13 13 35 17 0 8
1017 17 17 25 7 0 8
1017 7 7 33 15 0 8
1017 15 15 34 16 0 8
1017 16 16 22 4 0 8
1017 4 4 19 1 0 8
1017 1 1 29 11 0 8
1025 13 13 35 17 0 8
1025 7 7 33 15 0 8
1025 15 15 34 16 0 8
1033 13 13 35 17 0 8
1033 7 7 33 15 0 8
1033 15 15 34 16 0 8
1041 13 13 35 17 0 8
1041 7 7 33 15 0 8
1041 15 15 34 16 0 8
1049 13 13 35 17 0 8
1049 7 7 33 15 0 8
1049 15 15 34 16 0 8
1057 13 13 35 17 0 8
1057 7 7 33 15 0 8
1057 15 15 34 16 0 8
1065 13 13 35 17 0 8
1065 7 7 33 15 0 8
1065 15 15 34 16 0 8
1073 13 13 35 17 0 8
1073 7 7 33 15 0 8
1073 15 15 34 16 0 8
1081 13 13 35 17 0 8
1081 7 7 33 15 0 8
1081 15 15 34 16 0 8
1089 13 13 35 17 0 8
1089 7 7 33 15 0 8
1089 15 15 34 16 0 8
1097 13 13 35 17 0 8
1097 7 7 33 15 0 8
1097 15 15 34 16 0 8
1105 13 13 35 17 0 8
1105 7 7 33 15 0 8
1105 15 15 34 16 0 8
1113 13 13 35 17 0 8
1113 7 7 33 15 0 8
1113 15 15 34 16 0 8
1121 13 13 35 17 0 8
1121 7 7 33 15 0 8
1121 15 15 34 16 0 8
1129 13 13 35 17 0 8
1129 7 7 33 15 0 8
1129 15 15 34 16 0 8
1137 13 13 35 17 0 8
1137 7 7 33 15 0 8
1137 15 15 34 16 0 8
1145 13 13 35 17 0 8
1145 7 7 33 15 0 8
1145 15 15 34 16 0 8
1153 13 13 35 17 0 8
1153 7 7 33 15 0 8
1153 15 15 34 16 0 8
1161 13 13 35 17 0 8
1161 7 7 33 15 0 8
1161 15 15 34 16 0 8
1169 13 13 35 17 0 8
1169 7 7 33 15 0 8
1169 15 15 34 16 0 8
1177 13 13 35 17 0 8
1177 7 7 33 15 0 8
1177 15 15 34 16 0 8
1185 13 13 35 17 0 8
1185 7 7 33 15 0 8
1185 15 15 34 16 0 8
1193 13 13 35 17 0 8
1193 7 7 33 15 0 8
1193 15 15 34 16 0 8
1201 13 13 35 17 0 8
1201 7 7 33 15 0 8
1201 15 15 34 16 0 8
1209 13 13 35 17 0 8
1209 7 7 33 15 0 8
1209 15 15 34 16 0 8
1217 13 13 35 17 0 8
1217 7 7 33 15 0 8
1217 15 15 34 16 0 8
1225 13 13 35 17 0 8
1225 7 7 33 15 0 8
1225 15 15 34 16 0 8
1233 13 13 35 17 0 8
1233 7 7 33 15 0 8
1233 15 15 34 16 0 8
1241 13 13 35 17 0 8
1241 7 7 33 15 0 8
1241 15 15 34 16 0 8
1249 13 13 35 17 0 8
1249 7 7 33 15 0 8
1249 15 15 34 16 0 8
1257 13 13 35 17 0 8
1257 7 7 33 15 0 8
1257 15 15 34 16 0 8
1265 13 13 35 17 0 8
1265 7 7 33 15 0 8
1265 15 15 34 16 0 8
1273 13 13 35 17 0 8
1273 7 7 33 15 0 8
1273 15 15 34 16 0 8
1281 13 13 35 17 0 8
1281 7 7 33 15 0 8
1281 15 15 34 16 0 8
1289 13 13 35 17 0 8
1289 7 7 33 15 0 8
1289 15 15 34 16 0 8
1297 13 13 35 17 0 8
1297 7 7 33 15 0 8
1297 15 15 34 16 0 8
1305 13 13 35 17 0 8
1305 7 7 33 15 0 8
1305 15 15 34 16 0 8
1313 13 13 35 17 0 8
1313 7 7 33 15 0 8
1313 15 15 34 16 0 8
1321 13 13 35 17 0 8
1321 7 7 33 15 0 8
1321 15 15 34 16 0 8
1329 13 13 35 17 0 8
1329 7 7 33 15 0 8
1329 15 15 34 16 0 8
1337 13 13 35 17 0 8
1337 7 7 33 15 0 8
1337 15 15 34 16 0 8
1345 13 13 35 17 0 8
1345 7 7 33 15 0 8
1345 15 15 34 16 0 8
1353 13 13 35 17 0 8
1353 7 7 33 15 0 8
1353 15 15 34 16 0 8
1361 13 13 35 17 0 8
1361 7 7 33 15 0 8
1361 15 15 34 16 0 8
1369 13 13 35 17 0 8
1369 7 7 33 15 0 8
1369 15 15 34 16 0 8
1377 13 13 35 17 0 8
1377 7 7 33 15 0 8
1377 15 15 34 16 0 8
1385 13 13 35 17 0 8
1385 7 7 33 15 0 8
1385 15 15 34 16 0 8
1393 13 13 35 17 0 8
1393 7 7 33 15 0 8
1393 15 15 34 16 0 8
1401 13 13 35 17 0 8
1401 7 7 33 15 0 8
1401 15 15 34 16 0 8
1409 13 13 35 17 0 8
1409 7 7 33 15 0 8
1409 15 15 34 16 0 8
1417 13 13 35 17 0 8
1417 7 7 33 15 0 8
1417 15 15 34 16 0 8
1425 13 13 35 17 0 8
1425 7 7 33 15 0 8
1425 15 15 34 16 0 8
1433 13 13 35 17 0 8
1433 7 7 33 15 0 8
1433 15 15 34 16 0 8
1441 13 13 35 17 0 8
1441 7 7 33 15 0 8
1441 15 15 34 16 0 8
1449 13 13 35 17 0 8
1449 7 7 33 15 0 8
1449 15 15 34 16 0 8
1457 13 13 35 17 0 8
1457 7 7 33 15 0 8
1457 15 15 34 16 0 8
1465 13 13 35 17 0 8
1465 7 7 33 15 0 8
1465 15 15 34 16 0 8
1473 13 13 35 17 0 8
1473 7 7 33 15 0 8
1473 15 15 34 16 0 8
1481 13 13 35 17 0 8
1481 7 7 33 15 0 8
1481 15 15 34 16 0 8
1489 13 13 35 17 0 8
1489 7 7 33 15 0 8
1489 15 15 34 16 0 8
1497 13 13 35 17 0 8
1497 7 7 33 15 0 8
1497 15 15 34 16 0 8
1505 13 13 35 17 0 8
1505 7 7 33 15 0 8
1505 15 15 34 16 0 8
1513 13 13 35 17 0 8
1513 7 7 33 15 0 8
1513 15 15 34 16 0 8
1521 13 13 35 17 0 8
1521 7 7 33 15 0 8
1521 15 15 34 16 0 8
1529 13 13 35 17 0 8
1529 7 7 33 15 0 8
1529 15 15 34 16 0 8
1537 13 13 35 17 0 8
1537 7 7 33 15 0 8
1537 15 15 34 16 0 8
1545 13 13 35 17 0 8
1545 7 7 33 15 0 8
1545 15 15 34 16 0 8
1553 13 13 35 17 0 8
1553 7 7 33 15 0 8
1553 15 15 34 16 0 8
1561 13 13 35 17 0 8
1561 7 7 33 15 0 8
1561 15 15 34 16 0 8
1569 13 13 35 17 0 8
1569 7 7 33 15 0 8
1569 15 15 34 16 0 8
1577 13 13 35 17 0 8
1577 7 7 33 15 0 8
1577 15 15 34 16 0 8
1585 13 13 35 17 0 8
1585 7 7 33 15 0 8
1585 15 15 34 16 0 8
1593 13 13 35 17 0 8
1593 7 7 33 15 0 8
1593 15 15 34 16 0 8
1601 13 13 35 17 0 8
1601 7 7 33 15 0 8
1601 15 15 34 16 0 8
1609 13 13 35 17 0 8
1609 7 7 33 15 0 8
1609 15 15 34 16 0 8
1617 13 13 35 17 0 8
1617 7 7 33 15 0 8
1617 15 15 34 16 0 8
1625 13 13 35 17 0 8
1625 7 7 33 15 0 8
1625 15 15 34 16 0 8
1633 13 13 35 17 0 8
1633 7 7 33 15 0 8
1633 15 15 34 16 0 8
1641 13 13 35 17 0 8
1641 7 7 33 15 0 8
1641 15 15 34 16 0 8
1649 13 13 35 17 0 8
1649 7 7 33 15 0 8
1649 15 15 34 16 0 8
1657 13 13 35 17 0 8
1657 7 7 33 15 0 8
1657 15 15 34 16 0 8
1665 13 13 35 17 0 8
1665 7 7 33 15 0 8
1665 15 15 34 16 0 8
1673 13 13 35 17 0 8
1673 7 7 33 15 0 8
1673 15 15 34 16 0 8
1681 13 13 35 17 0 8
1681 7 7 33 15 0 8
1681 15 15 34 16 0 8
1689 13 13 35 17 0 8
1689 7 7 33 15 0 8
1689 15 15 34 16 0 8
1697 13 13 35 17 0 8
1697 7 7 33 15 0 8
1697 15 15 34 16 0 8
1705 13 13 35 17 0 8
1705 7 7 33 15 0 8
1705 15 15 34 16 0 8
1713 13 13 35 17 0 8
1713 7 7 33 15 0 8
1713 15 15 34 16 0 8
1721 13 13 35 17 0 8
1721 7 7 33 15 0 8
1721 15 15 34 16 0 8
1729 13 13 35 17 0 8
1729 7 7 33 15 0 8
1729 15 15 34 16 0 8
1737 13 13 35 17 0 8
1737 7 7 33 15 0 8
1737 15 15 34 16 0 8
1745 13 13 35 17 0 8
1745 7 7 33 15 0 8
1745 15 15 34 16 0 8
1753 13 13 35 17 0 8
1753 7 7 33 15 0 8
1753 15 15 34 16 0 8
1761 13 13 35 17 0 8
1761 7 7 33 15 0 8
1761 15 15 34 16 0 8
1769 13 13 35 17 0 8
1769 7 7 33 15 0 8
1769 15 15 34 16 0 8
1777 13 13 35 17 0 8
1777 7 7 33 15 0 8
1777 15 15 34 16 0 8
1785 13 13 35 17 0 8
1785 7 7 33 15 0 8
1785 15 15 34 16 0 8
1793 13 13 35 17 0 8
1793 7 7 33 15 0 8
1793 15 15 34 16 0 8
1801 13 13 35 17 0 8
1801 7 7 33 15 0 8
1801 15 15 34 16 0 8
1809 13 13 35 17 0 8
1809 7 7 33 15 0 8
1809 15 15 34 16 0 8
1817 13 13 35 17 0 8
1817 7 7 33 15 0 8
1817 15 15 34 16 0 8
1825 13 13 35 17 0 8
1825 7 7 33 15 0 8
1825 15 15 34 16 0 8
1833 13 13 35 17 0 8
1833 7 7 33 15 0 8
1833 15 15 34 16 0 8
1841 13 13 35 17 0 8
1841 7 7 33 15 0 8
1841 15 15 34 16 0 8
1849 13 13 35 17 0 8
1849 7 7 33 15 0 8
1849 15 15 34 16 0 8
1857 13 13 35 17 0 8
1857 7 7 33 15 0 8
1857 15 15 34 16 0 8
1865 13 13 35 17 0 8
1865 7 7 33 15 0 8
1865 15 15 34 16 0 8
1873 13 13 35 17 0 8
1873 7 7 33 15 0 8
1873 15 15 34 16 0 8
1881 13 13 35 17 0 8
1881 7 7 33 15 0 8
1881 15 15 34 16 0 8
1889 13 13 35 17 0 8
1889 7 7 33 15 0 8
1889 15 15 34 16 0 8
1897 13 13 35 17 0 8
1897 7 7 33 15 0 8
1897 15 15 34 16 0 8
1905 13 13 35 17 0 8
1905 7 7 33 15 0 8
1905 15 15 34 16 0 8
1913 13 13 35 17 0 8
1913 7 7 33 15 0 8
1913 15 15 34 16 0 8
1921 13 13 35 17 0 8
1921 7 7 33 15 0 8
1921 15 15 34 16 0 8
1929 13 13 35 17 0 8
1929 7 7 33 15 0 8
1929 15 15 34 16 0 8
1937 13 13 35 17 0 8
1937 7 7 33 15 0 8
1937 15 15 34 16 0 8
1945 13 13 35 17 0 8
1945 7 7 33 15 0 8
1945 15 15 34 16 0 8
1953 13 13 35 17 0 8
1953 7 7 33 15 0 8
1953 15 15 34 16 0 8
1961 13 13 35 17 0 8
1961 7 7 33 15 0 8
1961 15 15 34 16 0 8
1969 13 13 35 17 0 8
1969 7 7 33 15 0 8
1969 15 15 34 16 0 8
1977 13 13 35 17 0 8
1977 7 7 33 15 0 8
1977 15 15 34 16 0 8
1985 13 13 35 17 0 8
1985 7 7 33 15 0 8
1985 15 15 34 16 0 8
1993 13 13 35 17 0 8
1993 7 7 33 15 0 8
1993 15 15 34 16 0 8
2001 13 13 35 17 0 8
2001 7 7 33 15 0 8
2001 15 15 34 16 0 8
2009 13 13 35 17 0 8
2009 7 7 33 15 0 8
2009 15 15 34 16 0 8
2017 13 13 35 17 0 8
2017 7 7 33 15 0 8
2017 15 15 34 16 0 8
2025 13 13 35 17 0 8
2025 7 7 33 15 0 8
2025 15 15 34 16 0 8
2033 13 13 35 17 0 8
2033 7 7 33 15 0 8
2033 15 15 34 16 0 8
2041 13 13 35 17 0 8
2041 7 7 33 15 0 8
2041 15 15 34 16 0 8
2049 13 13 35 17 0 8
2057 13 13 35 17 0 8
2065 13 13 35 17 0 8
2073 13 13 35 17 0 8
2081 13 13 35 17 0 8
2089 13 13 35 17 0 8
2097 13 13 35 17 0 8
2105 13 13 35 17 0 8
2113 13 13 35 17 0 8
2121 13 13 35 17 0 8
2129 13 13 35 17 0 8
2137 13 13 35 17 0 8
2145 13 13 35 17 0 8
2153 13 13 35 17 0 8
2161 13 13 35 17 0 8
2169 13 13 35 17 0 8
2177 13 13 35 17 0 8
2185 13 13 35 17 0 8
2193 13 13 35 17 0 8
2201 13 13 35 17 0 8
2209 13 13 35 17 0 8
2217 13 13 35 17 0 8
2225 13 13 35 17 0 8
2233 13 13 35 17 0 8
2241 13 13 35 17 0 8
2249 13 13 35 17 0 8
2257 13 13 35 17 0 8
2265 13 13 35 17 0 8
2273 13 13 35 17 0 8
2281 13 13 35 17 0 8
2289 13 13 35 17 0 8
2297 13 13 35 17 0 8
2305 13 13 35 17 0 8
2313 13 13 35 17 0 8
2321 13 13 35 17 0 8
2329 13 13 35 17 0 8
2337 13 13 35 17 0 8
2345 13 13 35 17 0 8
2353 13 13 35 17 0 8
2361 13 13 35 17 0 8
2369 13 13 35 17 0 8
2377 13 13 35 17 0 8
2385 13 13 35 17 0 8
2393 13 13 35 17 0 8
2401 13 13 35 17 0 8
2409 13 13 35 17 0 8
2417 13 13 35 17 0 8
2425 13 13 35 17 0 8
2433 13 13 35 17 0 8
2441 13 13 35 17 0 8
2449 13 13 35 17 0 8
2457 13 13 35 17 0 8
2465 13 13 35 17 0 8
2473 13 13 35 17 0 8
2481 13 13 35 17 0 8
2489 13 13 35 17 0 8
2497 13 13 35 17 0 8
2505 13 13 35 17 0 8
2513 13 13 35 17 0 8
2521 13 13 35 17 0 8
2529 13 13 35 17 0 8
2537 13 13 35 17 0 8
2545 13 13 35 17 0 8
2553 13 13 35 17 0 8
2561 13 13 35 17 0 8
2569 13 13 35 17 0 8
2577 13 13 35 17 0 8
2585 13 13 35 17 0 8
2593 13 13 35 17 0 8
2601 13 13 35 17 0 8
2609 13 13 35 17 0 8
2617 13 13 35 17 0 8
2625 13 13 35 17 0 8
2633 13 13 35 17 0 8
2641 13 13 35 17 0 8
2649 13 13 35 17 0 8
2657 13 13 35 17 0 8
2665 13 13 35 17 0 8
2673 13 13 35 17 0 8
2681 13 13 35 17 0 8
2689 13 13 35 17 0 8
2697 13 13 35 17 0 8
2705 13 13 35 17 0 8
2713 13 13 35 17 0 8
2721 13 13 35 17 0 8
2729 13 13 35 17 0 8
2737 13 13 35 17 0 8
2745 13 13 35 17 0 8
2753 13 13 35 17 0 8
2761 13 13 35 17 0 8
2769 13 13 35 17 0 8
2777 13 13 35 17 0 8
2785 13 13 35 17 0 8
2793 13 13 35 17 0 8
2801 13 13 35 17 0 8
2809 13 13 35 17 0 8
2817 13 13 35 17 0 8
2825 13 13 35 17 0 8
2833 13 13 35 17 0 8
2841 13 13 35 17 0 8
2849 13 13 35 17 0 8
2857 13 13 35 17 0 8
2865 13 13 35 17 0 8
2873 13 13 35 17 0 8
2881 13 13 35 17 0 8
2889 13 13 35 17 0 8
2897 13 13 35 17 0 8
2905 13 13 35 17 0 8
2913 13 13 35 17 0 8
2921 13 13 35 17 0 8
2929 13 13 35 17 0 8
2937 13 13 35 17 0 8
2945 13 13 35 17 0 8
2953 13 13 35 17 0 8
2961 13 13 35 17 0 8
2969 13 13 35 17 0 8
2977 13 13 35 17 0 8
2985 13 13 35 17 0 8
2993 13 13 35 17 0 8
3001 13 13 35 17 0 8
3009 13 13 35 17 0 8
3017 13 13 35 17 0 8
3025 13 13 35 17 0 8
3033 13 13 35 17 0 8
3041 13 13 35 17 0 8
3049 13 13 35 17 0 8
3057 13 13 35 17 0 8
3065 13 13 35 17 0 8
3073 13 13 35 17 0 8
3081 13 13 35 17 0 8
3089 13 13 35 17 0 8
3097 13 13 35 17 0 8
3105 13 13 35 17 0 8
3113 13 13 35 17 0 8
3121 13 13 35 17 0 8
3129 13 13 35 17 0 8
3137 13 13 35 17 0 8
3145 13 13 35 17 0 8
3153 13 13 35 17 0 8
3161 13 13 35 17 0 8
3169 13 13 35 17 0 8
3177 13 13 35 17 0 8
3185 13 13 35 17 0 8
3193 13 13 35 17 0 8
3201 13 13 35 17 0 8
3209 13 13 35 17 0 8
3217 13 13 35 17 0 8
3225 13 13 35 17 0 8
3233 13 13 35 17 0 8
3241 13 13 35 17 0 8
3249 13 13 35 17 0 8
3257 13 13 35 17 0 8
3265 13 13 35 17 0 8
3273 13 13 35 17 0 8
3281 13 13 35 17 0 8
3289 13 13 35 17 0 8
3297 13 13 35 17 0 8
3305 13 13 35 17 0 8
3313 13 13 35 17 0 8
3321 13 13 35 17 0 8
3329 13 13 35 17 0 8
3337 13 13 35 17 0 8
3345 13 13 35 17 0 8
3353 13 13 35 17 0 8
3361 13 13 35 17 0 8
3369 13 13 35 17 0 8
3377 13 13 35 17 0 8
3385 13 13 35 17 0 8
3393 13 13 35 17 0 8
3401 13 13 35 17 0 8
3409 13 13 35 17 0 8
3417 13 13 35 17 0 8
3425 13 13 35 17 0 8
3433 13 13 35 17 0 8
3441 13 13 35 17 0 8
3449 13 13 35 17 0 8
3457 13 13 35 17 0 8
3465 13 13 35 17 0 8
3473 13 13 35 17 0 8
3481 13 13 35 17 0 8
3489 13 13 35 17 0 8
3497 13 13 35 17 0 8
3505 13 13 35 17 0 8
3513 13 13 35 17 0 8
3521 13 13 35 17 0 8
3529 13 13 35 17 0 8
3537 13 13 35 17 0 8
3545 13 13 35 17 0 8
3553 13 13 35 17 0 8
3561 13 13 35 17 0 8
3569 13 13 35 17 0 8
3577 13 13 35 17 0 8
3585 13 13 35 17 0 8
3593 13 13 35 17 0 8
3601 13 13 35 17 0 8
3609 13 13 35 17 0 8
3617 13 13 35 17 0 8
3625 13 13 35 17 0 8
3633 13 13 35 17 0 8
3641 13 13 35 17 0 8
3649 13 13 35 17 0 8
3657 13 13 35 17 0 8
3665 13 13 35 17 0 8
3673 13 13 35 17 0 8
3681 13 13 35 17 0 8
3689 13 13 35 17 0 8
3697 13 13 35 17 0 8
3705 13 13 35 17 0 8
3713 13 13 35 17 0 8
3721 13 13 35 17 0 8
3729 13 13 35 17 0 8
3737 13 13 35 17 0 8
3745 13 13 35 17 0 8
3753 13 13 35 17 0 8
3761 13 13 35 17 0 8
3769 13 13 35 17 0 8
3777 13 13 35 17 0 8
3785 13 13 35 17 0 8
3793 13 13 35 17 0 8
3801 13 13 35 17 0 8
3809 13 13 35 17 0 8
3817 13 13 35 17 0 8
3825 13 13 35 17 0 8
3833 13 13 35 17 0 8
3841 13 13 35 17 0 8
3849 13 13 35 17 0 8
3857 13 13 35 17 0 8
3865 13 13 35 17 0 8
3873 13 13 35 17 0 8
3881 13 13 35 17 0 8
3889 13 13 35 17 0 8
3897 13 13 35 17 0 8
3905 13 13 35 17 0 8
3913 13 13 35 17 0 8
3921 13 13 35 17 0 8
3929 13 13 35 17 0 8
3937 13 13 35 17 0 8
3945 13 13 35 17 0 8
3953 13 13 35 17 0 8
3961 13 13 35 17 0 8
3969 13 13 35 17 0 8
3977 13 13 35 17 0 8
3985 13 13 35 17 0 8
3993 13 13 35 17 0 8
4001 13 13 35 17 0 8
4009 13 13 35 17 0 8
4017 13 13 35 17 0 8
4025 13 13 35 17 0 8
4033 13 13 35 17 0 8
4041 13 13 35 17 0 8
4049 13 13 35 17 0 8
4057 13 13 35 17 0 8
4065 13 13 35 17 0 8
4073 13 13 35 17 0 8
4081 13 13 35 17 0 8
4089 13 13 35 17 0 8
