# cycle i_ni i_router o_ni o_router vnet flit
1 9 9 52 22 0 8
1 22 22 43 13 0 8
1 13 13 54 24 0 8
1 24 24 48 18 0 8
1 18 18 35 5 0 8
1 5 5 53 23 0 8
1 23 23 44 14 0 8
1 14 14 38 8 0 8
1 8 8 50 20 0 8
1 20 20 31 1 0 8
1 1 1 37 7 0 8
1 7 7 41 11 0 8
1 11 11 40 10 0 8
1 10 10 45 15 0 8
1 15 15 47 17 0 8
1 17 17 42 12 0 8
1 12 12 49 19 0 8
1 19 19 57 27 0 8
1 27 27 30 0 0 8
1 0 0 32 2 0 8
1 2 2 56 26 0 8
1 26 26 55 25 0 8
1 25 25 34 4 0 8
1 4 4 36 6 0 8
1 6 6 33 3 0 8
1 3 3 51 21 0 8
1 21 21 46 16 0 8
9 9 9 52 22 0 8
9 22 22 43 13 0 8
9 13 13 54 24 0 8
9 24 24 48 18 0 8
9 18 18 35 5 0 8
9 5 5 53 23 0 8
9 23 23 44 14 0 8
9 14 14 38 8 0 8
9 8 8 50 20 0 8
9 20 20 31 1 0 8
9 1 1 37 7 0 8
9 7 7 41 11 0 8
9 11 11 40 10 0 8
9 10 10 45 15 0 8
9 15 15 47 17 0 8
9 17 17 42 12 0 8
9 12 12 49 19 0 8
9 19 19 57 27 0 8
9 27 27 30 0 0 8
9 0 0 32 2 0 8
9 2 2 56 26 0 8
9 26 26 55 25 0 8
9 25 25 34 4 0 8
9 4 4 36 6 0 8
9 6 6 33 3 0 8
9 3 3 51 21 0 8
9 21 21 46 16 0 8
17 9 9 52 22 0 8
17 22 22 43 13 0 8
17 13 13 54 24 0 8
17 24 24 48 18 0 8
17 18 18 35 5 0 8
17 5 5 53 23 0 8
17 23 23 44 14 0 8
17 14 14 38 8 0 8
17 8 8 50 20 0 8
17 20 20 31 1 0 8
17 1 1 37 7 0 8
17 7 7 41 11 0 8
17 11 11 40 10 0 8
17 10 10 45 15 0 8
17 15 15 47 17 0 8
17 17 17 42 12 0 8
17 12 12 49 19 0 8
17 19 19 57 27 0 8
17 27 27 30 0 0 8
17 0 0 32 2 0 8
17 2 2 56 26 0 8
17 26 26 55 25 0 8
17 25 25 34 4 0 8
17 4 4 36 6 0 8
17 6 6 33 3 0 8
17 3 3 51 21 0 8
17 21 21 46 16 0 8
25 9 9 52 22 0 8
25 22 22 43 13 0 8
25 13 13 54 24 0 8
25 24 24 48 18 0 8
25 18 18 35 5 0 8
25 5 5 53 23 0 8
25 23 23 44 14 0 8
25 14 14 38 8 0 8
25 8 8 50 20 0 8
25 20 20 31 1 0 8
25 1 1 37 7 0 8
25 7 7 41 11 0 8
25 11 11 40 10 0 8
25 10 10 45 15 0 8
25 15 15 47 17 0 8
25 17 17 42 12 0 8
25 12 12 49 19 0 8
25 19 19 57 27 0 8
25 27 27 30 0 0 8
25 0 0 32 2 0 8
25 2 2 56 26 0 8
25 26 26 55 25 0 8
25 25 25 34 4 0 8
25 4 4 36 6 0 8
25 6 6 33 3 0 8
25 3 3 51 21 0 8
25 21 21 46 16 0 8
33 9 9 52 22 0 8
33 22 22 43 13 0 8
33 13 13 54 24 0 8
33 24 24 48 18 0 8
33 18 18 35 5 0 8
33 5 5 53 23 0 8
33 23 23 44 14 0 8
33 14 14 38 8 0 8
33 8 8 50 20 0 8
33 20 20 31 1 0 8
33 1 1 37 7 0 8
33 7 7 41 11 0 8
33 11 11 40 10 0 8
33 10 10 45 15 0 8
33 15 15 47 17 0 8
33 17 17 42 12 0 8
33 12 12 49 19 0 8
33 19 19 57 27 0 8
33 27 27 30 0 0 8
33 0 0 32 2 0 8
33 2 2 56 26 0 8
33 26 26 55 25 0 8
33 25 25 34 4 0 8
33 4 4 36 6 0 8
33 6 6 33 3 0 8
33 3 3 51 21 0 8
33 21 21 46 16 0 8
41 9 9 52 22 0 8
41 22 22 43 13 0 8
41 13 13 54 24 0 8
41 24 24 48 18 0 8
41 18 18 35 5 0 8
41 5 5 53 23 0 8
41 23 23 44 14 0 8
41 14 14 38 8 0 8
41 8 8 50 20 0 8
41 20 20 31 1 0 8
41 1 1 37 7 0 8
41 7 7 41 11 0 8
41 11 11 40 10 0 8
41 10 10 45 15 0 8
41 15 15 47 17 0 8
41 17 17 42 12 0 8
41 12 12 49 19 0 8
41 19 19 57 27 0 8
41 27 27 30 0 0 8
41 0 0 32 2 0 8
41 2 2 56 26 0 8
41 26 26 55 25 0 8
41 25 25 34 4 0 8
41 4 4 36 6 0 8
41 6 6 33 3 0 8
41 3 3 51 21 0 8
41 21 21 46 16 0 8
49 9 9 52 22 0 8
49 22 22 43 13 0 8
49 13 13 54 24 0 8
49 24 24 48 18 0 8
49 18 18 35 5 0 8
49 5 5 53 23 0 8
49 23 23 44 14 0 8
49 14 14 38 8 0 8
49 8 8 50 20 0 8
49 20 20 31 1 0 8
49 1 1 37 7 0 8
49 7 7 41 11 0 8
49 11 11 40 10 0 8
49 10 10 45 15 0 8
49 15 15 47 17 0 8
49 17 17 42 12 0 8
49 12 12 49 19 0 8
49 19 19 57 27 0 8
49 27 27 30 0 0 8
49 0 0 32 2 0 8
49 2 2 56 26 0 8
49 26 26 55 25 0 8
49 25 25 34 4 0 8
49 4 4 36 6 0 8
49 6 6 33 3 0 8
49 3 3 51 21 0 8
49 21 21 46 16 0 8
57 9 9 52 22 0 8
57 22 22 43 13 0 8
57 13 13 54 24 0 8
57 24 24 48 18 0 8
57 18 18 35 5 0 8
57 5 5 53 23 0 8
57 23 23 44 14 0 8
57 14 14 38 8 0 8
57 8 8 50 20 0 8
57 20 20 31 1 0 8
57 1 1 37 7 0 8
57 7 7 41 11 0 8
57 11 11 40 10 0 8
57 10 10 45 15 0 8
57 15 15 47 17 0 8
57 17 17 42 12 0 8
57 12 12 49 19 0 8
57 19 19 57 27 0 8
57 27 27 30 0 0 8
57 0 0 32 2 0 8
57 2 2 56 26 0 8
57 26 26 55 25 0 8
57 25 25 34 4 0 8
57 4 4 36 6 0 8
57 6 6 33 3 0 8
57 3 3 51 21 0 8
57 21 21 46 16 0 8
65 9 9 52 22 0 8
65 22 22 43 13 0 8
65 13 13 54 24 0 8
65 24 24 48 18 0 8
65 18 18 35 5 0 8
65 5 5 53 23 0 8
65 23 23 44 14 0 8
65 14 14 38 8 0 8
65 8 8 50 20 0 8
65 20 20 31 1 0 8
65 1 1 37 7 0 8
65 7 7 41 11 0 8
65 11 11 40 10 0 8
65 10 10 45 15 0 8
65 15 15 47 17 0 8
65 17 17 42 12 0 8
65 12 12 49 19 0 8
65 19 19 57 27 0 8
65 27 27 30 0 0 8
65 0 0 32 2 0 8
65 2 2 56 26 0 8
65 26 26 55 25 0 8
65 25 25 34 4 0 8
65 4 4 36 6 0 8
65 6 6 33 3 0 8
65 3 3 51 21 0 8
65 21 21 46 16 0 8
73 9 9 52 22 0 8
73 22 22 43 13 0 8
73 13 13 54 24 0 8
73 24 24 48 18 0 8
73 18 18 35 5 0 8
73 5 5 53 23 0 8
73 23 23 44 14 0 8
73 14 14 38 8 0 8
73 8 8 50 20 0 8
73 20 20 31 1 0 8
73 1 1 37 7 0 8
73 7 7 41 11 0 8
73 11 11 40 10 0 8
73 10 10 45 15 0 8
73 15 15 47 17 0 8
73 17 17 42 12 0 8
73 12 12 49 19 0 8
73 19 19 57 27 0 8
73 27 27 30 0 0 8
73 0 0 32 2 0 8
73 2 2 56 26 0 8
73 26 26 55 25 0 8
73 25 25 34 4 0 8
73 4 4 36 6 0 8
73 6 6 33 3 0 8
73 3 3 51 21 0 8
73 21 21 46 16 0 8
81 9 9 52 22 0 8
81 22 22 43 13 0 8
81 13 13 54 24 0 8
81 24 24 48 18 0 8
81 18 18 35 5 0 8
81 5 5 53 23 0 8
81 23 23 44 14 0 8
81 14 14 38 8 0 8
81 8 8 50 20 0 8
81 20 20 31 1 0 8
81 1 1 37 7 0 8
81 7 7 41 11 0 8
81 11 11 40 10 0 8
81 10 10 45 15 0 8
81 15 15 47 17 0 8
81 17 17 42 12 0 8
81 12 12 49 19 0 8
81 19 19 57 27 0 8
81 27 27 30 0 0 8
81 0 0 32 2 0 8
81 2 2 56 26 0 8
81 26 26 55 25 0 8
81 25 25 34 4 0 8
81 4 4 36 6 0 8
81 6 6 33 3 0 8
81 3 3 51 21 0 8
89 9 9 52 22 0 8
89 22 22 43 13 0 8
89 13 13 54 24 0 8
89 24 24 48 18 0 8
89 18 18 35 5 0 8
89 5 5 53 23 0 8
89 23 23 44 14 0 8
89 14 14 38 8 0 8
89 8 8 50 20 0 8
89 20 20 31 1 0 8
89 1 1 37 7 0 8
89 7 7 41 11 0 8
89 11 11 40 10 0 8
89 10 10 45 15 0 8
89 15 15 47 17 0 8
89 17 17 42 12 0 8
89 12 12 49 19 0 8
89 19 19 57 27 0 8
89 27 27 30 0 0 8
89 0 0 32 2 0 8
89 2 2 56 26 0 8
89 26 26 55 25 0 8
89 25 25 34 4 0 8
89 4 4 36 6 0 8
89 6 6 33 3 0 8
89 3 3 51 21 0 8
97 9 9 52 22 0 8
97 22 22 43 13 0 8
97 13 13 54 24 0 8
97 24 24 48 18 0 8
97 18 18 35 5 0 8
97 5 5 53 23 0 8
97 23 23 44 14 0 8
97 14 14 38 8 0 8
97 8 8 50 20 0 8
97 20 20 31 1 0 8
97 1 1 37 7 0 8
97 7 7 41 11 0 8
97 11 11 40 10 0 8
97 10 10 45 15 0 8
97 15 15 47 17 0 8
97 17 17 42 12 0 8
97 12 12 49 19 0 8
97 19 19 57 27 0 8
97 27 27 30 0 0 8
97 0 0 32 2 0 8
97 2 2 56 26 0 8
97 26 26 55 25 0 8
97 25 25 34 4 0 8
97 4 4 36 6 0 8
97 6 6 33 3 0 8
97 3 3 51 21 0 8
105 9 9 52 22 0 8
105 22 22 43 13 0 8
105 13 13 54 24 0 8
105 24 24 48 18 0 8
105 18 18 35 5 0 8
105 5 5 53 23 0 8
105 23 23 44 14 0 8
105 14 14 38 8 0 8
105 8 8 50 20 0 8
105 20 20 31 1 0 8
105 1 1 37 7 0 8
105 7 7 41 11 0 8
105 11 11 40 10 0 8
105 10 10 45 15 0 8
105 15 15 47 17 0 8
105 17 17 42 12 0 8
105 12 12 49 19 0 8
105 19 19 57 27 0 8
105 27 27 30 0 0 8
105 0 0 32 2 0 8
105 2 2 56 26 0 8
105 26 26 55 25 0 8
105 25 25 34 4 0 8
105 4 4 36 6 0 8
105 6 6 33 3 0 8
105 3 3 51 21 0 8
113 9 9 52 22 0 8
113 22 22 43 13 0 8
113 13 13 54 24 0 8
113 24 24 48 18 0 8
113 18 18 35 5 0 8
113 5 5 53 23 0 8
113 23 23 44 14 0 8
113 14 14 38 8 0 8
113 8 8 50 20 0 8
113 20 20 31 1 0 8
113 1 1 37 7 0 8
113 7 7 41 11 0 8
113 11 11 40 10 0 8
113 10 10 45 15 0 8
113 15 15 47 17 0 8
113 17 17 42 12 0 8
113 12 12 49 19 0 8
113 19 19 57 27 0 8
113 27 27 30 0 0 8
113 0 0 32 2 0 8
113 2 2 56 26 0 8
113 26 26 55 25 0 8
113 25 25 34 4 0 8
113 4 4 36 6 0 8
113 6 6 33 3 0 8
113 3 3 51 21 0 8
121 9 9 52 22 0 8
121 22 22 43 13 0 8
121 13 13 54 24 0 8
121 24 24 48 18 0 8
121 18 18 35 5 0 8
121 5 5 53 23 0 8
121 23 23 44 14 0 8
121 14 14 38 8 0 8
121 8 8 50 20 0 8
121 20 20 31 1 0 8
121 1 1 37 7 0 8
121 7 7 41 11 0 8
121 11 11 40 10 0 8
121 10 10 45 15 0 8
121 15 15 47 17 0 8
121 17 17 42 12 0 8
121 12 12 49 19 0 8
121 19 19 57 27 0 8
121 27 27 30 0 0 8
121 0 0 32 2 0 8
121 2 2 56 26 0 8
121 26 26 55 25 0 8
121 25 25 34 4 0 8
121 4 4 36 6 0 8
121 6 6 33 3 0 8
121 3 3 51 21 0 8
129 9 9 52 22 0 8
129 22 22 43 13 0 8
129 13 13 54 24 0 8
129 24 24 48 18 0 8
129 18 18 35 5 0 8
129 5 5 53 23 0 8
129 23 23 44 14 0 8
129 14 14 38 8 0 8
129 8 8 50 20 0 8
129 20 20 31 1 0 8
129 1 1 37 7 0 8
129 7 7 41 11 0 8
129 11 11 40 10 0 8
129 10 10 45 15 0 8
129 15 15 47 17 0 8
129 17 17 42 12 0 8
129 12 12 49 19 0 8
129 19 19 57 27 0 8
129 27 27 30 0 0 8
129 0 0 32 2 0 8
129 2 2 56 26 0 8
129 26 26 55 25 0 8
129 25 25 34 4 0 8
129 4 4 36 6 0 8
129 6 6 33 3 0 8
129 3 3 51 21 0 8
137 9 9 52 22 0 8
137 22 22 43 13 0 8
137 13 13 54 24 0 8
137 24 24 48 18 0 8
137 18 18 35 5 0 8
137 5 5 53 23 0 8
137 23 23 44 14 0 8
137 14 14 38 8 0 8
137 8 8 50 20 0 8
137 20 20 31 1 0 8
137 1 1 37 7 0 8
137 7 7 41 11 0 8
137 11 11 40 10 0 8
137 10 10 45 15 0 8
137 15 15 47 17 0 8
137 17 17 42 12 0 8
137 12 12 49 19 0 8
137 19 19 57 27 0 8
137 27 27 30 0 0 8
137 0 0 32 2 0 8
137 2 2 56 26 0 8
137 26 26 55 25 0 8
137 25 25 34 4 0 8
137 4 4 36 6 0 8
137 6 6 33 3 0 8
137 3 3 51 21 0 8
145 9 9 52 22 0 8
145 22 22 43 13 0 8
145 13 13 54 24 0 8
145 24 24 48 18 0 8
145 18 18 35 5 0 8
145 5 5 53 23 0 8
145 23 23 44 14 0 8
145 14 14 38 8 0 8
145 8 8 50 20 0 8
145 20 20 31 1 0 8
145 1 1 37 7 0 8
145 7 7 41 11 0 8
145 11 11 40 10 0 8
145 10 10 45 15 0 8
145 15 15 47 17 0 8
145 17 17 42 12 0 8
145 12 12 49 19 0 8
145 19 19 57 27 0 8
145 27 27 30 0 0 8
145 0 0 32 2 0 8
145 2 2 56 26 0 8
145 26 26 55 25 0 8
145 25 25 34 4 0 8
145 4 4 36 6 0 8
145 6 6 33 3 0 8
145 3 3 51 21 0 8
153 9 9 52 22 0 8
153 22 22 43 13 0 8
153 13 13 54 24 0 8
153 24 24 48 18 0 8
153 18 18 35 5 0 8
153 5 5 53 23 0 8
153 23 23 44 14 0 8
153 14 14 38 8 0 8
153 8 8 50 20 0 8
153 20 20 31 1 0 8
153 1 1 37 7 0 8
153 7 7 41 11 0 8
153 11 11 40 10 0 8
153 10 10 45 15 0 8
153 15 15 47 17 0 8
153 17 17 42 12 0 8
153 12 12 49 19 0 8
153 19 19 57 27 0 8
153 27 27 30 0 0 8
153 0 0 32 2 0 8
153 2 2 56 26 0 8
153 26 26 55 25 0 8
153 25 25 34 4 0 8
153 4 4 36 6 0 8
153 6 6 33 3 0 8
153 3 3 51 21 0 8
161 9 9 52 22 0 8
161 22 22 43 13 0 8
161 13 13 54 24 0 8
161 24 24 48 18 0 8
161 18 18 35 5 0 8
161 5 5 53 23 0 8
161 23 23 44 14 0 8
161 14 14 38 8 0 8
161 8 8 50 20 0 8
161 20 20 31 1 0 8
161 1 1 37 7 0 8
161 7 7 41 11 0 8
161 11 11 40 10 0 8
161 10 10 45 15 0 8
161 15 15 47 17 0 8
161 17 17 42 12 0 8
161 12 12 49 19 0 8
161 19 19 57 27 0 8
161 27 27 30 0 0 8
161 0 0 32 2 0 8
161 2 2 56 26 0 8
161 26 26 55 25 0 8
161 6 6 33 3 0 8
161 3 3 51 21 0 8
169 9 9 52 22 0 8
169 22 22 43 13 0 8
169 13 13 54 24 0 8
169 24 24 48 18 0 8
169 18 18 35 5 0 8
169 5 5 53 23 0 8
169 23 23 44 14 0 8
169 14 14 38 8 0 8
169 8 8 50 20 0 8
169 20 20 31 1 0 8
169 1 1 37 7 0 8
169 7 7 41 11 0 8
169 11 11 40 10 0 8
169 10 10 45 15 0 8
169 15 15 47 17 0 8
169 17 17 42 12 0 8
169 12 12 49 19 0 8
169 19 19 57 27 0 8
169 27 27 30 0 0 8
169 0 0 32 2 0 8
169 2 2 56 26 0 8
169 26 26 55 25 0 8
169 6 6 33 3 0 8
169 3 3 51 21 0 8
177 9 9 52 22 0 8
177 22 22 43 13 0 8
177 13 13 54 24 0 8
177 24 24 48 18 0 8
177 18 18 35 5 0 8
177 5 5 53 23 0 8
177 23 23 44 14 0 8
177 14 14 38 8 0 8
177 8 8 50 20 0 8
177 20 20 31 1 0 8
177 1 1 37 7 0 8
177 7 7 41 11 0 8
177 11 11 40 10 0 8
177 10 10 45 15 0 8
177 15 15 47 17 0 8
177 17 17 42 12 0 8
177 12 12 49 19 0 8
177 19 19 57 27 0 8
177 27 27 30 0 0 8
177 0 0 32 2 0 8
177 2 2 56 26 0 8
177 26 26 55 25 0 8
177 6 6 33 3 0 8
177 3 3 51 21 0 8
185 9 9 52 22 0 8
185 22 22 43 13 0 8
185 13 13 54 24 0 8
185 24 24 48 18 0 8
185 18 18 35 5 0 8
185 5 5 53 23 0 8
185 23 23 44 14 0 8
185 14 14 38 8 0 8
185 8 8 50 20 0 8
185 20 20 31 1 0 8
185 1 1 37 7 0 8
185 7 7 41 11 0 8
185 11 11 40 10 0 8
185 10 10 45 15 0 8
185 15 15 47 17 0 8
185 17 17 42 12 0 8
185 12 12 49 19 0 8
185 19 19 57 27 0 8
185 27 27 30 0 0 8
185 0 0 32 2 0 8
185 2 2 56 26 0 8
185 26 26 55 25 0 8
185 6 6 33 3 0 8
185 3 3 51 21 0 8
193 9 9 52 22 0 8
193 22 22 43 13 0 8
193 13 13 54 24 0 8
193 24 24 48 18 0 8
193 18 18 35 5 0 8
193 5 5 53 23 0 8
193 23 23 44 14 0 8
193 14 14 38 8 0 8
193 8 8 50 20 0 8
193 20 20 31 1 0 8
193 1 1 37 7 0 8
193 7 7 41 11 0 8
193 11 11 40 10 0 8
193 10 10 45 15 0 8
193 15 15 47 17 0 8
193 17 17 42 12 0 8
193 12 12 49 19 0 8
193 19 19 57 27 0 8
193 27 27 30 0 0 8
193 0 0 32 2 0 8
193 2 2 56 26 0 8
193 26 26 55 25 0 8
193 6 6 33 3 0 8
193 3 3 51 21 0 8
201 9 9 52 22 0 8
201 22 22 43 13 0 8
201 13 13 54 24 0 8
201 24 24 48 18 0 8
201 18 18 35 5 0 8
201 5 5 53 23 0 8
201 23 23 44 14 0 8
201 14 14 38 8 0 8
201 8 8 50 20 0 8
201 20 20 31 1 0 8
201 1 1 37 7 0 8
201 7 7 41 11 0 8
201 11 11 40 10 0 8
201 10 10 45 15 0 8
201 15 15 47 17 0 8
201 17 17 42 12 0 8
201 12 12 49 19 0 8
201 19 19 57 27 0 8
201 27 27 30 0 0 8
201 0 0 32 2 0 8
201 2 2 56 26 0 8
201 26 26 55 25 0 8
201 6 6 33 3 0 8
201 3 3 51 21 0 8
209 9 9 52 22 0 8
209 22 22 43 13 0 8
209 13 13 54 24 0 8
209 24 24 48 18 0 8
209 18 18 35 5 0 8
209 5 5 53 23 0 8
209 23 23 44 14 0 8
209 14 14 38 8 0 8
209 8 8 50 20 0 8
209 20 20 31 1 0 8
209 1 1 37 7 0 8
209 7 7 41 11 0 8
209 11 11 40 10 0 8
209 10 10 45 15 0 8
209 15 15 47 17 0 8
209 17 17 42 12 0 8
209 12 12 49 19 0 8
209 19 19 57 27 0 8
209 27 27 30 0 0 8
209 0 0 32 2 0 8
209 2 2 56 26 0 8
209 26 26 55 25 0 8
209 6 6 33 3 0 8
209 3 3 51 21 0 8
217 9 9 52 22 0 8
217 22 22 43 13 0 8
217 13 13 54 24 0 8
217 24 24 48 18 0 8
217 18 18 35 5 0 8
217 5 5 53 23 0 8
217 23 23 44 14 0 8
217 14 14 38 8 0 8
217 8 8 50 20 0 8
217 20 20 31 1 0 8
217 1 1 37 7 0 8
217 7 7 41 11 0 8
217 11 11 40 10 0 8
217 10 10 45 15 0 8
217 15 15 47 17 0 8
217 17 17 42 12 0 8
217 12 12 49 19 0 8
217 19 19 57 27 0 8
217 27 27 30 0 0 8
217 0 0 32 2 0 8
217 2 2 56 26 0 8
217 26 26 55 25 0 8
217 6 6 33 3 0 8
217 3 3 51 21 0 8
225 9 9 52 22 0 8
225 22 22 43 13 0 8
225 13 13 54 24 0 8
225 24 24 48 18 0 8
225 18 18 35 5 0 8
225 5 5 53 23 0 8
225 23 23 44 14 0 8
225 14 14 38 8 0 8
225 8 8 50 20 0 8
225 20 20 31 1 0 8
225 1 1 37 7 0 8
225 7 7 41 11 0 8
225 11 11 40 10 0 8
225 10 10 45 15 0 8
225 15 15 47 17 0 8
225 17 17 42 12 0 8
225 12 12 49 19 0 8
225 19 19 57 27 0 8
225 27 27 30 0 0 8
225 0 0 32 2 0 8
225 2 2 56 26 0 8
225 26 26 55 25 0 8
225 6 6 33 3 0 8
225 3 3 51 21 0 8
233 9 9 52 22 0 8
233 22 22 43 13 0 8
233 13 13 54 24 0 8
233 24 24 48 18 0 8
233 18 18 35 5 0 8
233 5 5 53 23 0 8
233 23 23 44 14 0 8
233 14 14 38 8 0 8
233 8 8 50 20 0 8
233 20 20 31 1 0 8
233 1 1 37 7 0 8
233 7 7 41 11 0 8
233 11 11 40 10 0 8
233 10 10 45 15 0 8
233 15 15 47 17 0 8
233 17 17 42 12 0 8
233 12 12 49 19 0 8
233 19 19 57 27 0 8
233 27 27 30 0 0 8
233 0 0 32 2 0 8
233 2 2 56 26 0 8
233 26 26 55 25 0 8
233 6 6 33 3 0 8
233 3 3 51 21 0 8
241 9 9 52 22 0 8
241 22 22 43 13 0 8
241 13 13 54 24 0 8
241 24 24 48 18 0 8
241 18 18 35 5 0 8
241 5 5 53 23 0 8
241 23 23 44 14 0 8
241 14 14 38 8 0 8
241 8 8 50 20 0 8
241 20 20 31 1 0 8
241 1 1 37 7 0 8
241 7 7 41 11 0 8
241 11 11 40 10 0 8
241 10 10 45 15 0 8
241 15 15 47 17 0 8
241 17 17 42 12 0 8
241 12 12 49 19 0 8
241 19 19 57 27 0 8
241 27 27 30 0 0 8
241 0 0 32 2 0 8
241 2 2 56 26 0 8
241 26 26 55 25 0 8
241 6 6 33 3 0 8
241 3 3 51 21 0 8
249 9 9 52 22 0 8
249 22 22 43 13 0 8
249 13 13 54 24 0 8
249 24 24 48 18 0 8
249 18 18 35 5 0 8
249 5 5 53 23 0 8
249 23 23 44 14 0 8
249 14 14 38 8 0 8
249 8 8 50 20 0 8
249 20 20 31 1 0 8
249 1 1 37 7 0 8
249 7 7 41 11 0 8
249 11 11 40 10 0 8
249 10 10 45 15 0 8
249 15 15 47 17 0 8
249 17 17 42 12 0 8
249 12 12 49 19 0 8
249 19 19 57 27 0 8
249 27 27 30 0 0 8
249 0 0 32 2 0 8
249 2 2 56 26 0 8
249 26 26 55 25 0 8
249 6 6 33 3 0 8
249 3 3 51 21 0 8
257 9 9 52 22 0 8
257 22 22 43 13 0 8
257 13 13 54 24 0 8
257 24 24 48 18 0 8
257 18 18 35 5 0 8
257 5 5 53 23 0 8
257 23 23 44 14 0 8
257 14 14 38 8 0 8
257 8 8 50 20 0 8
257 20 20 31 1 0 8
257 1 1 37 7 0 8
257 7 7 41 11 0 8
257 11 11 40 10 0 8
257 10 10 45 15 0 8
257 15 15 47 17 0 8
257 17 17 42 12 0 8
257 12 12 49 19 0 8
257 19 19 57 27 0 8
257 27 27 30 0 0 8
257 0 0 32 2 0 8
257 2 2 56 26 0 8
257 26 26 55 25 0 8
257 6 6 33 3 0 8
257 3 3 51 21 0 8
265 9 9 52 22 0 8
265 22 22 43 13 0 8
265 13 13 54 24 0 8
265 24 24 48 18 0 8
265 18 18 35 5 0 8
265 5 5 53 23 0 8
265 23 23 44 14 0 8
265 14 14 38 8 0 8
265 8 8 50 20 0 8
265 20 20 31 1 0 8
265 1 1 37 7 0 8
265 7 7 41 11 0 8
265 11 11 40 10 0 8
265 10 10 45 15 0 8
265 15 15 47 17 0 8
265 17 17 42 12 0 8
265 12 12 49 19 0 8
265 19 19 57 27 0 8
265 27 27 30 0 0 8
265 0 0 32 2 0 8
265 2 2 56 26 0 8
265 26 26 55 25 0 8
265 6 6 33 3 0 8
265 3 3 51 21 0 8
273 9 9 52 22 0 8
273 22 22 43 13 0 8
273 13 13 54 24 0 8
273 24 24 48 18 0 8
273 18 18 35 5 0 8
273 5 5 53 23 0 8
273 23 23 44 14 0 8
273 14 14 38 8 0 8
273 8 8 50 20 0 8
273 20 20 31 1 0 8
273 1 1 37 7 0 8
273 7 7 41 11 0 8
273 11 11 40 10 0 8
273 10 10 45 15 0 8
273 15 15 47 17 0 8
273 17 17 42 12 0 8
273 12 12 49 19 0 8
273 19 19 57 27 0 8
273 27 27 30 0 0 8
273 0 0 32 2 0 8
273 2 2 56 26 0 8
273 26 26 55 25 0 8
273 6 6 33 3 0 8
273 3 3 51 21 0 8
281 9 9 52 22 0 8
281 22 22 43 13 0 8
281 13 13 54 24 0 8
281 24 24 48 18 0 8
281 18 18 35 5 0 8
281 5 5 53 23 0 8
281 23 23 44 14 0 8
281 14 14 38 8 0 8
281 8 8 50 20 0 8
281 20 20 31 1 0 8
281 1 1 37 7 0 8
281 7 7 41 11 0 8
281 11 11 40 10 0 8
281 10 10 45 15 0 8
281 15 15 47 17 0 8
281 17 17 42 12 0 8
281 12 12 49 19 0 8
281 19 19 57 27 0 8
281 27 27 30 0 0 8
281 0 0 32 2 0 8
281 2 2 56 26 0 8
281 26 26 55 25 0 8
281 6 6 33 3 0 8
281 3 3 51 21 0 8
289 9 9 52 22 0 8
289 22 22 43 13 0 8
289 13 13 54 24 0 8
289 24 24 48 18 0 8
289 18 18 35 5 0 8
289 5 5 53 23 0 8
289 23 23 44 14 0 8
289 14 14 38 8 0 8
289 8 8 50 20 0 8
289 20 20 31 1 0 8
289 1 1 37 7 0 8
289 7 7 41 11 0 8
289 11 11 40 10 0 8
289 10 10 45 15 0 8
289 15 15 47 17 0 8
289 17 17 42 12 0 8
289 12 12 49 19 0 8
289 19 19 57 27 0 8
289 27 27 30 0 0 8
289 0 0 32 2 0 8
289 2 2 56 26 0 8
289 26 26 55 25 0 8
289 6 6 33 3 0 8
289 3 3 51 21 0 8
297 9 9 52 22 0 8
297 22 22 43 13 0 8
297 13 13 54 24 0 8
297 24 24 48 18 0 8
297 18 18 35 5 0 8
297 5 5 53 23 0 8
297 23 23 44 14 0 8
297 14 14 38 8 0 8
297 8 8 50 20 0 8
297 20 20 31 1 0 8
297 1 1 37 7 0 8
297 7 7 41 11 0 8
297 11 11 40 10 0 8
297 10 10 45 15 0 8
297 15 15 47 17 0 8
297 17 17 42 12 0 8
297 12 12 49 19 0 8
297 19 19 57 27 0 8
297 27 27 30 0 0 8
297 0 0 32 2 0 8
297 2 2 56 26 0 8
297 26 26 55 25 0 8
297 6 6 33 3 0 8
297 3 3 51 21 0 8
305 9 9 52 22 0 8
305 22 22 43 13 0 8
305 13 13 54 24 0 8
305 24 24 48 18 0 8
305 18 18 35 5 0 8
305 5 5 53 23 0 8
305 23 23 44 14 0 8
305 14 14 38 8 0 8
305 8 8 50 20 0 8
305 20 20 31 1 0 8
305 1 1 37 7 0 8
305 7 7 41 11 0 8
305 11 11 40 10 0 8
305 10 10 45 15 0 8
305 15 15 47 17 0 8
305 17 17 42 12 0 8
305 12 12 49 19 0 8
305 19 19 57 27 0 8
305 27 27 30 0 0 8
305 0 0 32 2 0 8
305 2 2 56 26 0 8
305 26 26 55 25 0 8
305 6 6 33 3 0 8
305 3 3 51 21 0 8
313 9 9 52 22 0 8
313 22 22 43 13 0 8
313 13 13 54 24 0 8
313 24 24 48 18 0 8
313 18 18 35 5 0 8
313 5 5 53 23 0 8
313 23 23 44 14 0 8
313 14 14 38 8 0 8
313 8 8 50 20 0 8
313 20 20 31 1 0 8
313 1 1 37 7 0 8
313 7 7 41 11 0 8
313 11 11 40 10 0 8
313 10 10 45 15 0 8
313 15 15 47 17 0 8
313 17 17 42 12 0 8
313 12 12 49 19 0 8
313 19 19 57 27 0 8
313 27 27 30 0 0 8
313 0 0 32 2 0 8
313 2 2 56 26 0 8
313 26 26 55 25 0 8
313 6 6 33 3 0 8
313 3 3 51 21 0 8
321 9 9 52 22 0 8
321 22 22 43 13 0 8
321 13 13 54 24 0 8
321 24 24 48 18 0 8
321 18 18 35 5 0 8
321 5 5 53 23 0 8
321 23 23 44 14 0 8
321 14 14 38 8 0 8
321 8 8 50 20 0 8
321 20 20 31 1 0 8
321 11 11 40 10 0 8
321 10 10 45 15 0 8
321 15 15 47 17 0 8
321 17 17 42 12 0 8
321 12 12 49 19 0 8
321 19 19 57 27 0 8
321 27 27 30 0 0 8
321 0 0 32 2 0 8
321 2 2 56 26 0 8
321 26 26 55 25 0 8
329 9 9 52 22 0 8
329 22 22 43 13 0 8
329 13 13 54 24 0 8
329 24 24 48 18 0 8
329 18 18 35 5 0 8
329 5 5 53 23 0 8
329 23 23 44 14 0 8
329 14 14 38 8 0 8
329 8 8 50 20 0 8
329 20 20 31 1 0 8
329 11 11 40 10 0 8
329 10 10 45 15 0 8
329 15 15 47 17 0 8
329 17 17 42 12 0 8
329 12 12 49 19 0 8
329 19 19 57 27 0 8
329 27 27 30 0 0 8
329 0 0 32 2 0 8
329 2 2 56 26 0 8
329 26 26 55 25 0 8
337 9 9 52 22 0 8
337 22 22 43 13 0 8
337 13 13 54 24 0 8
337 24 24 48 18 0 8
337 18 18 35 5 0 8
337 5 5 53 23 0 8
337 23 23 44 14 0 8
337 14 14 38 8 0 8
337 8 8 50 20 0 8
337 20 20 31 1 0 8
337 11 11 40 10 0 8
337 10 10 45 15 0 8
337 15 15 47 17 0 8
337 17 17 42 12 0 8
337 12 12 49 19 0 8
337 19 19 57 27 0 8
337 27 27 30 0 0 8
337 0 0 32 2 0 8
337 2 2 56 26 0 8
337 26 26 55 25 0 8
345 9 9 52 22 0 8
345 22 22 43 13 0 8
345 13 13 54 24 0 8
345 24 24 48 18 0 8
345 18 18 35 5 0 8
345 5 5 53 23 0 8
345 23 23 44 14 0 8
345 14 14 38 8 0 8
345 8 8 50 20 0 8
345 20 20 31 1 0 8
345 11 11 40 10 0 8
345 10 10 45 15 0 8
345 15 15 47 17 0 8
345 17 17 42 12 0 8
345 12 12 49 19 0 8
345 19 19 57 27 0 8
345 27 27 30 0 0 8
345 0 0 32 2 0 8
345 2 2 56 26 0 8
345 26 26 55 25 0 8
353 9 9 52 22 0 8
353 22 22 43 13 0 8
353 13 13 54 24 0 8
353 24 24 48 18 0 8
353 18 18 35 5 0 8
353 5 5 53 23 0 8
353 23 23 44 14 0 8
353 14 14 38 8 0 8
353 8 8 50 20 0 8
353 20 20 31 1 0 8
353 11 11 40 10 0 8
353 10 10 45 15 0 8
353 15 15 47 17 0 8
353 17 17 42 12 0 8
353 12 12 49 19 0 8
353 19 19 57 27 0 8
353 27 27 30 0 0 8
353 0 0 32 2 0 8
353 2 2 56 26 0 8
353 26 26 55 25 0 8
361 9 9 52 22 0 8
361 22 22 43 13 0 8
361 13 13 54 24 0 8
361 24 24 48 18 0 8
361 18 18 35 5 0 8
361 5 5 53 23 0 8
361 23 23 44 14 0 8
361 14 14 38 8 0 8
361 8 8 50 20 0 8
361 20 20 31 1 0 8
361 11 11 40 10 0 8
361 10 10 45 15 0 8
361 15 15 47 17 0 8
361 17 17 42 12 0 8
361 12 12 49 19 0 8
361 19 19 57 27 0 8
361 27 27 30 0 0 8
361 0 0 32 2 0 8
361 2 2 56 26 0 8
361 26 26 55 25 0 8
369 9 9 52 22 0 8
369 22 22 43 13 0 8
369 13 13 54 24 0 8
369 24 24 48 18 0 8
369 18 18 35 5 0 8
369 5 5 53 23 0 8
369 23 23 44 14 0 8
369 14 14 38 8 0 8
369 8 8 50 20 0 8
369 20 20 31 1 0 8
369 11 11 40 10 0 8
369 10 10 45 15 0 8
369 15 15 47 17 0 8
369 17 17 42 12 0 8
369 12 12 49 19 0 8
369 19 19 57 27 0 8
369 27 27 30 0 0 8
369 0 0 32 2 0 8
369 2 2 56 26 0 8
369 26 26 55 25 0 8
377 9 9 52 22 0 8
377 22 22 43 13 0 8
377 13 13 54 24 0 8
377 24 24 48 18 0 8
377 18 18 35 5 0 8
377 5 5 53 23 0 8
377 23 23 44 14 0 8
377 14 14 38 8 0 8
377 8 8 50 20 0 8
377 20 20 31 1 0 8
377 11 11 40 10 0 8
377 10 10 45 15 0 8
377 15 15 47 17 0 8
377 17 17 42 12 0 8
377 12 12 49 19 0 8
377 19 19 57 27 0 8
377 27 27 30 0 0 8
377 0 0 32 2 0 8
377 2 2 56 26 0 8
377 26 26 55 25 0 8
385 9 9 52 22 0 8
385 22 22 43 13 0 8
385 13 13 54 24 0 8
385 24 24 48 18 0 8
385 18 18 35 5 0 8
385 5 5 53 23 0 8
385 23 23 44 14 0 8
385 14 14 38 8 0 8
385 8 8 50 20 0 8
385 20 20 31 1 0 8
385 11 11 40 10 0 8
385 10 10 45 15 0 8
385 15 15 47 17 0 8
385 17 17 42 12 0 8
385 12 12 49 19 0 8
385 19 19 57 27 0 8
385 27 27 30 0 0 8
385 0 0 32 2 0 8
385 2 2 56 26 0 8
385 26 26 55 25 0 8
393 9 9 52 22 0 8
393 22 22 43 13 0 8
393 13 13 54 24 0 8
393 24 24 48 18 0 8
393 18 18 35 5 0 8
393 5 5 53 23 0 8
393 23 23 44 14 0 8
393 14 14 38 8 0 8
393 8 8 50 20 0 8
393 20 20 31 1 0 8
393 11 11 40 10 0 8
393 10 10 45 15 0 8
393 15 15 47 17 0 8
393 17 17 42 12 0 8
393 12 12 49 19 0 8
393 19 19 57 27 0 8
393 27 27 30 0 0 8
393 0 0 32 2 0 8
393 2 2 56 26 0 8
393 26 26 55 25 0 8
401 9 9 52 22 0 8
401 22 22 43 13 0 8
401 13 13 54 24 0 8
401 24 24 48 18 0 8
401 18 18 35 5 0 8
401 5 5 53 23 0 8
401 23 23 44 14 0 8
401 14 14 38 8 0 8
401 8 8 50 20 0 8
401 20 20 31 1 0 8
401 11 11 40 10 0 8
401 10 10 45 15 0 8
401 15 15 47 17 0 8
401 17 17 42 12 0 8
401 12 12 49 19 0 8
401 19 19 57 27 0 8
401 27 27 30 0 0 8
401 0 0 32 2 0 8
401 2 2 56 26 0 8
401 26 26 55 25 0 8
409 9 9 52 22 0 8
409 22 22 43 13 0 8
409 13 13 54 24 0 8
409 24 24 48 18 0 8
409 18 18 35 5 0 8
409 5 5 53 23 0 8
409 23 23 44 14 0 8
409 14 14 38 8 0 8
409 8 8 50 20 0 8
409 20 20 31 1 0 8
409 11 11 40 10 0 8
409 10 10 45 15 0 8
409 15 15 47 17 0 8
409 17 17 42 12 0 8
409 12 12 49 19 0 8
409 19 19 57 27 0 8
409 27 27 30 0 0 8
409 0 0 32 2 0 8
409 2 2 56 26 0 8
409 26 26 55 25 0 8
417 9 9 52 22 0 8
417 22 22 43 13 0 8
417 13 13 54 24 0 8
417 24 24 48 18 0 8
417 18 18 35 5 0 8
417 5 5 53 23 0 8
417 23 23 44 14 0 8
417 14 14 38 8 0 8
417 8 8 50 20 0 8
417 20 20 31 1 0 8
417 11 11 40 10 0 8
417 10 10 45 15 0 8
417 15 15 47 17 0 8
417 17 17 42 12 0 8
417 12 12 49 19 0 8
417 19 19 57 27 0 8
417 27 27 30 0 0 8
417 0 0 32 2 0 8
417 2 2 56 26 0 8
417 26 26 55 25 0 8
425 9 9 52 22 0 8
425 22 22 43 13 0 8
425 13 13 54 24 0 8
425 24 24 48 18 0 8
425 18 18 35 5 0 8
425 5 5 53 23 0 8
425 23 23 44 14 0 8
425 14 14 38 8 0 8
425 8 8 50 20 0 8
425 20 20 31 1 0 8
425 11 11 40 10 0 8
425 10 10 45 15 0 8
425 15 15 47 17 0 8
425 17 17 42 12 0 8
425 12 12 49 19 0 8
425 19 19 57 27 0 8
425 27 27 30 0 0 8
425 0 0 32 2 0 8
425 2 2 56 26 0 8
425 26 26 55 25 0 8
433 9 9 52 22 0 8
433 22 22 43 13 0 8
433 13 13 54 24 0 8
433 24 24 48 18 0 8
433 18 18 35 5 0 8
433 5 5 53 23 0 8
433 23 23 44 14 0 8
433 14 14 38 8 0 8
433 8 8 50 20 0 8
433 20 20 31 1 0 8
433 11 11 40 10 0 8
433 10 10 45 15 0 8
433 15 15 47 17 0 8
433 17 17 42 12 0 8
433 12 12 49 19 0 8
433 19 19 57 27 0 8
433 27 27 30 0 0 8
433 0 0 32 2 0 8
433 2 2 56 26 0 8
433 26 26 55 25 0 8
441 9 9 52 22 0 8
441 22 22 43 13 0 8
441 13 13 54 24 0 8
441 24 24 48 18 0 8
441 18 18 35 5 0 8
441 5 5 53 23 0 8
441 23 23 44 14 0 8
441 14 14 38 8 0 8
441 8 8 50 20 0 8
441 20 20 31 1 0 8
441 11 11 40 10 0 8
441 10 10 45 15 0 8
441 15 15 47 17 0 8
441 17 17 42 12 0 8
441 12 12 49 19 0 8
441 19 19 57 27 0 8
441 27 27 30 0 0 8
441 0 0 32 2 0 8
441 2 2 56 26 0 8
441 26 26 55 25 0 8
449 9 9 52 22 0 8
449 22 22 43 13 0 8
449 13 13 54 24 0 8
449 24 24 48 18 0 8
449 18 18 35 5 0 8
449 5 5 53 23 0 8
449 23 23 44 14 0 8
449 14 14 38 8 0 8
449 8 8 50 20 0 8
449 20 20 31 1 0 8
449 11 11 40 10 0 8
449 10 10 45 15 0 8
449 15 15 47 17 0 8
449 17 17 42 12 0 8
449 12 12 49 19 0 8
449 19 19 57 27 0 8
449 27 27 30 0 0 8
449 0 0 32 2 0 8
449 2 2 56 26 0 8
449 26 26 55 25 0 8
457 9 9 52 22 0 8
457 22 22 43 13 0 8
457 13 13 54 24 0 8
457 24 24 48 18 0 8
457 18 18 35 5 0 8
457 5 5 53 23 0 8
457 23 23 44 14 0 8
457 14 14 38 8 0 8
457 8 8 50 20 0 8
457 20 20 31 1 0 8
457 11 11 40 10 0 8
457 10 10 45 15 0 8
457 15 15 47 17 0 8
457 17 17 42 12 0 8
457 12 12 49 19 0 8
457 19 19 57 27 0 8
457 27 27 30 0 0 8
457 0 0 32 2 0 8
457 2 2 56 26 0 8
457 26 26 55 25 0 8
465 9 9 52 22 0 8
465 22 22 43 13 0 8
465 13 13 54 24 0 8
465 24 24 48 18 0 8
465 18 18 35 5 0 8
465 5 5 53 23 0 8
465 23 23 44 14 0 8
465 14 14 38 8 0 8
465 8 8 50 20 0 8
465 20 20 31 1 0 8
465 11 11 40 10 0 8
465 10 10 45 15 0 8
465 15 15 47 17 0 8
465 17 17 42 12 0 8
465 12 12 49 19 0 8
465 19 19 57 27 0 8
465 27 27 30 0 0 8
465 0 0 32 2 0 8
465 2 2 56 26 0 8
465 26 26 55 25 0 8
473 9 9 52 22 0 8
473 22 22 43 13 0 8
473 13 13 54 24 0 8
473 24 24 48 18 0 8
473 18 18 35 5 0 8
473 5 5 53 23 0 8
473 23 23 44 14 0 8
473 14 14 38 8 0 8
473 8 8 50 20 0 8
473 20 20 31 1 0 8
473 11 11 40 10 0 8
473 10 10 45 15 0 8
473 15 15 47 17 0 8
473 17 17 42 12 0 8
473 12 12 49 19 0 8
473 19 19 57 27 0 8
473 27 27 30 0 0 8
473 0 0 32 2 0 8
473 2 2 56 26 0 8
473 26 26 55 25 0 8
481 9 9 52 22 0 8
481 22 22 43 13 0 8
481 13 13 54 24 0 8
481 24 24 48 18 0 8
481 18 18 35 5 0 8
481 5 5 53 23 0 8
481 23 23 44 14 0 8
481 14 14 38 8 0 8
481 8 8 50 20 0 8
481 20 20 31 1 0 8
481 11 11 40 10 0 8
481 10 10 45 15 0 8
481 15 15 47 17 0 8
481 17 17 42 12 0 8
481 12 12 49 19 0 8
481 19 19 57 27 0 8
481 27 27 30 0 0 8
481 0 0 32 2 0 8
481 2 2 56 26 0 8
481 26 26 55 25 0 8
489 9 9 52 22 0 8
489 22 22 43 13 0 8
489 13 13 54 24 0 8
489 24 24 48 18 0 8
489 18 18 35 5 0 8
489 5 5 53 23 0 8
489 23 23 44 14 0 8
489 14 14 38 8 0 8
489 8 8 50 20 0 8
489 20 20 31 1 0 8
489 11 11 40 10 0 8
489 10 10 45 15 0 8
489 15 15 47 17 0 8
489 17 17 42 12 0 8
489 12 12 49 19 0 8
489 19 19 57 27 0 8
489 27 27 30 0 0 8
489 0 0 32 2 0 8
489 2 2 56 26 0 8
489 26 26 55 25 0 8
497 9 9 52 22 0 8
497 22 22 43 13 0 8
497 13 13 54 24 0 8
497 24 24 48 18 0 8
497 18 18 35 5 0 8
497 5 5 53 23 0 8
497 23 23 44 14 0 8
497 14 14 38 8 0 8
497 8 8 50 20 0 8
497 20 20 31 1 0 8
497 11 11 40 10 0 8
497 10 10 45 15 0 8
497 15 15 47 17 0 8
497 17 17 42 12 0 8
497 12 12 49 19 0 8
497 19 19 57 27 0 8
497 27 27 30 0 0 8
497 0 0 32 2 0 8
497 2 2 56 26 0 8
497 26 26 55 25 0 8
505 9 9 52 22 0 8
505 22 22 43 13 0 8
505 13 13 54 24 0 8
505 24 24 48 18 0 8
505 18 18 35 5 0 8
505 5 5 53 23 0 8
505 23 23 44 14 0 8
505 14 14 38 8 0 8
505 8 8 50 20 0 8
505 20 20 31 1 0 8
505 11 11 40 10 0 8
505 10 10 45 15 0 8
505 15 15 47 17 0 8
505 17 17 42 12 0 8
505 12 12 49 19 0 8
505 19 19 57 27 0 8
505 27 27 30 0 0 8
505 0 0 32 2 0 8
505 2 2 56 26 0 8
505 26 26 55 25 0 8
513 9 9 52 22 0 8
513 22 22 43 13 0 8
513 13 13 54 24 0 8
513 24 24 48 18 0 8
513 18 18 35 5 0 8
513 5 5 53 23 0 8
513 23 23 44 14 0 8
513 14 14 38 8 0 8
513 8 8 50 20 0 8
513 20 20 31 1 0 8
513 11 11 40 10 0 8
513 10 10 45 15 0 8
513 15 15 47 17 0 8
513 17 17 42 12 0 8
513 12 12 49 19 0 8
513 19 19 57 27 0 8
513 27 27 30 0 0 8
513 0 0 32 2 0 8
513 2 2 56 26 0 8
513 26 26 55 25 0 8
521 9 9 52 22 0 8
521 22 22 43 13 0 8
521 13 13 54 24 0 8
521 24 24 48 18 0 8
521 18 18 35 5 0 8
521 5 5 53 23 0 8
521 23 23 44 14 0 8
521 14 14 38 8 0 8
521 8 8 50 20 0 8
521 20 20 31 1 0 8
521 11 11 40 10 0 8
521 10 10 45 15 0 8
521 15 15 47 17 0 8
521 17 17 42 12 0 8
521 12 12 49 19 0 8
521 19 19 57 27 0 8
521 27 27 30 0 0 8
521 0 0 32 2 0 8
521 2 2 56 26 0 8
521 26 26 55 25 0 8
529 9 9 52 22 0 8
529 22 22 43 13 0 8
529 13 13 54 24 0 8
529 24 24 48 18 0 8
529 18 18 35 5 0 8
529 5 5 53 23 0 8
529 23 23 44 14 0 8
529 14 14 38 8 0 8
529 8 8 50 20 0 8
529 20 20 31 1 0 8
529 11 11 40 10 0 8
529 10 10 45 15 0 8
529 15 15 47 17 0 8
529 17 17 42 12 0 8
529 12 12 49 19 0 8
529 19 19 57 27 0 8
529 27 27 30 0 0 8
529 0 0 32 2 0 8
529 2 2 56 26 0 8
529 26 26 55 25 0 8
537 9 9 52 22 0 8
537 22 22 43 13 0 8
537 13 13 54 24 0 8
537 24 24 48 18 0 8
537 18 18 35 5 0 8
537 5 5 53 23 0 8
537 23 23 44 14 0 8
537 14 14 38 8 0 8
537 8 8 50 20 0 8
537 20 20 31 1 0 8
537 11 11 40 10 0 8
537 10 10 45 15 0 8
537 15 15 47 17 0 8
537 17 17 42 12 0 8
537 12 12 49 19 0 8
537 19 19 57 27 0 8
537 27 27 30 0 0 8
537 0 0 32 2 0 8
537 2 2 56 26 0 8
537 26 26 55 25 0 8
545 9 9 52 22 0 8
545 22 22 43 13 0 8
545 13 13 54 24 0 8
545 24 24 48 18 0 8
545 18 18 35 5 0 8
545 5 5 53 23 0 8
545 23 23 44 14 0 8
545 14 14 38 8 0 8
545 8 8 50 20 0 8
545 20 20 31 1 0 8
545 11 11 40 10 0 8
545 10 10 45 15 0 8
545 15 15 47 17 0 8
545 17 17 42 12 0 8
545 12 12 49 19 0 8
545 19 19 57 27 0 8
545 27 27 30 0 0 8
545 0 0 32 2 0 8
545 2 2 56 26 0 8
545 26 26 55 25 0 8
553 9 9 52 22 0 8
553 22 22 43 13 0 8
553 13 13 54 24 0 8
553 24 24 48 18 0 8
553 18 18 35 5 0 8
553 5 5 53 23 0 8
553 23 23 44 14 0 8
553 14 14 38 8 0 8
553 8 8 50 20 0 8
553 20 20 31 1 0 8
553 11 11 40 10 0 8
553 10 10 45 15 0 8
553 15 15 47 17 0 8
553 17 17 42 12 0 8
553 12 12 49 19 0 8
553 19 19 57 27 0 8
553 27 27 30 0 0 8
553 0 0 32 2 0 8
553 2 2 56 26 0 8
553 26 26 55 25 0 8
561 9 9 52 22 0 8
561 22 22 43 13 0 8
561 13 13 54 24 0 8
561 24 24 48 18 0 8
561 18 18 35 5 0 8
561 5 5 53 23 0 8
561 23 23 44 14 0 8
561 14 14 38 8 0 8
561 8 8 50 20 0 8
561 20 20 31 1 0 8
561 11 11 40 10 0 8
561 10 10 45 15 0 8
561 15 15 47 17 0 8
561 17 17 42 12 0 8
561 12 12 49 19 0 8
561 19 19 57 27 0 8
561 27 27 30 0 0 8
561 0 0 32 2 0 8
561 2 2 56 26 0 8
561 26 26 55 25 0 8
569 9 9 52 22 0 8
569 22 22 43 13 0 8
569 13 13 54 24 0 8
569 24 24 48 18 0 8
569 18 18 35 5 0 8
569 5 5 53 23 0 8
569 23 23 44 14 0 8
569 14 14 38 8 0 8
569 8 8 50 20 0 8
569 20 20 31 1 0 8
569 11 11 40 10 0 8
569 10 10 45 15 0 8
569 15 15 47 17 0 8
569 17 17 42 12 0 8
569 12 12 49 19 0 8
569 19 19 57 27 0 8
569 27 27 30 0 0 8
569 0 0 32 2 0 8
569 2 2 56 26 0 8
569 26 26 55 25 0 8
577 9 9 52 22 0 8
577 22 22 43 13 0 8
577 13 13 54 24 0 8
577 24 24 48 18 0 8
577 18 18 35 5 0 8
577 5 5 53 23 0 8
577 23 23 44 14 0 8
577 14 14 38 8 0 8
577 8 8 50 20 0 8
577 20 20 31 1 0 8
577 11 11 40 10 0 8
577 10 10 45 15 0 8
577 15 15 47 17 0 8
577 17 17 42 12 0 8
577 12 12 49 19 0 8
577 19 19 57 27 0 8
577 27 27 30 0 0 8
577 0 0 32 2 0 8
577 2 2 56 26 0 8
577 26 26 55 25 0 8
585 9 9 52 22 0 8
585 22 22 43 13 0 8
585 13 13 54 24 0 8
585 24 24 48 18 0 8
585 18 18 35 5 0 8
585 5 5 53 23 0 8
585 23 23 44 14 0 8
585 14 14 38 8 0 8
585 8 8 50 20 0 8
585 20 20 31 1 0 8
585 11 11 40 10 0 8
585 10 10 45 15 0 8
585 15 15 47 17 0 8
585 17 17 42 12 0 8
585 12 12 49 19 0 8
585 19 19 57 27 0 8
585 27 27 30 0 0 8
585 0 0 32 2 0 8
585 2 2 56 26 0 8
585 26 26 55 25 0 8
593 9 9 52 22 0 8
593 22 22 43 13 0 8
593 13 13 54 24 0 8
593 24 24 48 18 0 8
593 18 18 35 5 0 8
593 5 5 53 23 0 8
593 23 23 44 14 0 8
593 14 14 38 8 0 8
593 8 8 50 20 0 8
593 20 20 31 1 0 8
593 11 11 40 10 0 8
593 10 10 45 15 0 8
593 15 15 47 17 0 8
593 17 17 42 12 0 8
593 12 12 49 19 0 8
593 19 19 57 27 0 8
593 27 27 30 0 0 8
593 0 0 32 2 0 8
593 2 2 56 26 0 8
593 26 26 55 25 0 8
601 9 9 52 22 0 8
601 22 22 43 13 0 8
601 13 13 54 24 0 8
601 24 24 48 18 0 8
601 18 18 35 5 0 8
601 5 5 53 23 0 8
601 23 23 44 14 0 8
601 14 14 38 8 0 8
601 8 8 50 20 0 8
601 20 20 31 1 0 8
601 11 11 40 10 0 8
601 10 10 45 15 0 8
601 15 15 47 17 0 8
601 17 17 42 12 0 8
601 12 12 49 19 0 8
601 19 19 57 27 0 8
601 27 27 30 0 0 8
601 0 0 32 2 0 8
601 2 2 56 26 0 8
601 26 26 55 25 0 8
609 9 9 52 22 0 8
609 22 22 43 13 0 8
609 13 13 54 24 0 8
609 24 24 48 18 0 8
609 18 18 35 5 0 8
609 5 5 53 23 0 8
609 23 23 44 14 0 8
609 14 14 38 8 0 8
609 8 8 50 20 0 8
609 20 20 31 1 0 8
609 11 11 40 10 0 8
609 10 10 45 15 0 8
609 15 15 47 17 0 8
609 17 17 42 12 0 8
609 12 12 49 19 0 8
609 19 19 57 27 0 8
609 27 27 30 0 0 8
609 0 0 32 2 0 8
609 2 2 56 26 0 8
609 26 26 55 25 0 8
617 9 9 52 22 0 8
617 22 22 43 13 0 8
617 13 13 54 24 0 8
617 24 24 48 18 0 8
617 18 18 35 5 0 8
617 5 5 53 23 0 8
617 23 23 44 14 0 8
617 14 14 38 8 0 8
617 8 8 50 20 0 8
617 20 20 31 1 0 8
617 11 11 40 10 0 8
617 10 10 45 15 0 8
617 15 15 47 17 0 8
617 17 17 42 12 0 8
617 12 12 49 19 0 8
617 19 19 57 27 0 8
617 27 27 30 0 0 8
617 0 0 32 2 0 8
617 2 2 56 26 0 8
617 26 26 55 25 0 8
625 9 9 52 22 0 8
625 22 22 43 13 0 8
625 13 13 54 24 0 8
625 24 24 48 18 0 8
625 18 18 35 5 0 8
625 5 5 53 23 0 8
625 23 23 44 14 0 8
625 14 14 38 8 0 8
625 8 8 50 20 0 8
625 20 20 31 1 0 8
625 11 11 40 10 0 8
625 10 10 45 15 0 8
625 15 15 47 17 0 8
625 17 17 42 12 0 8
625 12 12 49 19 0 8
625 19 19 57 27 0 8
625 27 27 30 0 0 8
625 0 0 32 2 0 8
625 2 2 56 26 0 8
625 26 26 55 25 0 8
633 9 9 52 22 0 8
633 22 22 43 13 0 8
633 13 13 54 24 0 8
633 24 24 48 18 0 8
633 18 18 35 5 0 8
633 5 5 53 23 0 8
633 23 23 44 14 0 8
633 14 14 38 8 0 8
633 8 8 50 20 0 8
633 20 20 31 1 0 8
633 11 11 40 10 0 8
633 10 10 45 15 0 8
633 15 15 47 17 0 8
633 17 17 42 12 0 8
633 12 12 49 19 0 8
633 19 19 57 27 0 8
633 27 27 30 0 0 8
633 0 0 32 2 0 8
633 2 2 56 26 0 8
633 26 26 55 25 0 8
641 9 9 52 22 0 8
641 22 22 43 13 0 8
641 13 13 54 24 0 8
641 24 24 48 18 0 8
641 18 18 35 5 0 8
641 5 5 53 23 0 8
641 8 8 50 20 0 8
641 20 20 31 1 0 8
649 9 9 52 22 0 8
649 22 22 43 13 0 8
649 13 13 54 24 0 8
649 24 24 48 18 0 8
649 18 18 35 5 0 8
649 5 5 53 23 0 8
649 8 8 50 20 0 8
649 20 20 31 1 0 8
657 9 9 52 22 0 8
657 22 22 43 13 0 8
657 13 13 54 24 0 8
657 24 24 48 18 0 8
657 18 18 35 5 0 8
657 5 5 53 23 0 8
657 8 8 50 20 0 8
657 20 20 31 1 0 8
665 9 9 52 22 0 8
665 22 22 43 13 0 8
665 13 13 54 24 0 8
665 24 24 48 18 0 8
665 18 18 35 5 0 8
665 5 5 53 23 0 8
665 8 8 50 20 0 8
665 20 20 31 1 0 8
673 9 9 52 22 0 8
673 22 22 43 13 0 8
673 13 13 54 24 0 8
673 24 24 48 18 0 8
673 18 18 35 5 0 8
673 5 5 53 23 0 8
673 8 8 50 20 0 8
673 20 20 31 1 0 8
681 9 9 52 22 0 8
681 22 22 43 13 0 8
681 13 13 54 24 0 8
681 24 24 48 18 0 8
681 18 18 35 5 0 8
681 5 5 53 23 0 8
681 8 8 50 20 0 8
681 20 20 31 1 0 8
689 9 9 52 22 0 8
689 22 22 43 13 0 8
689 13 13 54 24 0 8
689 24 24 48 18 0 8
689 18 18 35 5 0 8
689 5 5 53 23 0 8
689 8 8 50 20 0 8
689 20 20 31 1 0 8
697 9 9 52 22 0 8
697 22 22 43 13 0 8
697 13 13 54 24 0 8
697 24 24 48 18 0 8
697 18 18 35 5 0 8
697 5 5 53 23 0 8
697 8 8 50 20 0 8
697 20 20 31 1 0 8
705 9 9 52 22 0 8
705 22 22 43 13 0 8
705 13 13 54 24 0 8
705 24 24 48 18 0 8
705 18 18 35 5 0 8
705 5 5 53 23 0 8
705 8 8 50 20 0 8
705 20 20 31 1 0 8
713 9 9 52 22 0 8
713 22 22 43 13 0 8
713 13 13 54 24 0 8
713 24 24 48 18 0 8
713 18 18 35 5 0 8
713 5 5 53 23 0 8
713 8 8 50 20 0 8
713 20 20 31 1 0 8
721 9 9 52 22 0 8
721 22 22 43 13 0 8
721 13 13 54 24 0 8
721 24 24 48 18 0 8
721 18 18 35 5 0 8
721 5 5 53 23 0 8
721 8 8 50 20 0 8
721 20 20 31 1 0 8
729 9 9 52 22 0 8
729 22 22 43 13 0 8
729 13 13 54 24 0 8
729 24 24 48 18 0 8
729 18 18 35 5 0 8
729 5 5 53 23 0 8
729 8 8 50 20 0 8
729 20 20 31 1 0 8
737 9 9 52 22 0 8
737 22 22 43 13 0 8
737 13 13 54 24 0 8
737 24 24 48 18 0 8
737 18 18 35 5 0 8
737 5 5 53 23 0 8
737 8 8 50 20 0 8
737 20 20 31 1 0 8
745 9 9 52 22 0 8
745 22 22 43 13 0 8
745 13 13 54 24 0 8
745 24 24 48 18 0 8
745 18 18 35 5 0 8
745 5 5 53 23 0 8
745 8 8 50 20 0 8
745 20 20 31 1 0 8
753 9 9 52 22 0 8
753 22 22 43 13 0 8
753 13 13 54 24 0 8
753 24 24 48 18 0 8
753 18 18 35 5 0 8
753 5 5 53 23 0 8
753 8 8 50 20 0 8
753 20 20 31 1 0 8
761 9 9 52 22 0 8
761 22 22 43 13 0 8
761 13 13 54 24 0 8
761 24 24 48 18 0 8
761 18 18 35 5 0 8
761 5 5 53 23 0 8
761 8 8 50 20 0 8
761 20 20 31 1 0 8
769 9 9 52 22 0 8
769 22 22 43 13 0 8
769 13 13 54 24 0 8
769 24 24 48 18 0 8
769 18 18 35 5 0 8
769 5 5 53 23 0 8
769 8 8 50 20 0 8
769 20 20 31 1 0 8
777 9 9 52 22 0 8
777 22 22 43 13 0 8
777 13 13 54 24 0 8
777 24 24 48 18 0 8
777 18 18 35 5 0 8
777 5 5 53 23 0 8
777 8 8 50 20 0 8
777 20 20 31 1 0 8
785 9 9 52 22 0 8
785 22 22 43 13 0 8
785 13 13 54 24 0 8
785 24 24 48 18 0 8
785 18 18 35 5 0 8
785 5 5 53 23 0 8
785 8 8 50 20 0 8
785 20 20 31 1 0 8
793 9 9 52 22 0 8
793 22 22 43 13 0 8
793 13 13 54 24 0 8
793 24 24 48 18 0 8
793 18 18 35 5 0 8
793 5 5 53 23 0 8
793 8 8 50 20 0 8
793 20 20 31 1 0 8
801 9 9 52 22 0 8
801 22 22 43 13 0 8
801 13 13 54 24 0 8
801 24 24 48 18 0 8
801 18 18 35 5 0 8
801 5 5 53 23 0 8
801 8 8 50 20 0 8
801 20 20 31 1 0 8
809 9 9 52 22 0 8
809 22 22 43 13 0 8
809 13 13 54 24 0 8
809 24 24 48 18 0 8
809 18 18 35 5 0 8
809 5 5 53 23 0 8
809 8 8 50 20 0 8
809 20 20 31 1 0 8
817 9 9 52 22 0 8
817 22 22 43 13 0 8
817 13 13 54 24 0 8
817 24 24 48 18 0 8
817 18 18 35 5 0 8
817 5 5 53 23 0 8
817 8 8 50 20 0 8
817 20 20 31 1 0 8
825 9 9 52 22 0 8
825 22 22 43 13 0 8
825 13 13 54 24 0 8
825 24 24 48 18 0 8
825 18 18 35 5 0 8
825 5 5 53 23 0 8
825 8 8 50 20 0 8
825 20 20 31 1 0 8
833 9 9 52 22 0 8
833 22 22 43 13 0 8
833 13 13 54 24 0 8
833 24 24 48 18 0 8
833 18 18 35 5 0 8
833 5 5 53 23 0 8
833 8 8 50 20 0 8
833 20 20 31 1 0 8
841 9 9 52 22 0 8
841 22 22 43 13 0 8
841 13 13 54 24 0 8
841 24 24 48 18 0 8
841 18 18 35 5 0 8
841 5 5 53 23 0 8
841 8 8 50 20 0 8
841 20 20 31 1 0 8
849 9 9 52 22 0 8
849 22 22 43 13 0 8
849 13 13 54 24 0 8
849 24 24 48 18 0 8
849 18 18 35 5 0 8
849 5 5 53 23 0 8
849 8 8 50 20 0 8
849 20 20 31 1 0 8
857 9 9 52 22 0 8
857 22 22 43 13 0 8
857 13 13 54 24 0 8
857 24 24 48 18 0 8
857 18 18 35 5 0 8
857 5 5 53 23 0 8
857 8 8 50 20 0 8
857 20 20 31 1 0 8
865 9 9 52 22 0 8
865 22 22 43 13 0 8
865 13 13 54 24 0 8
865 24 24 48 18 0 8
865 18 18 35 5 0 8
865 5 5 53 23 0 8
865 8 8 50 20 0 8
865 20 20 31 1 0 8
873 9 9 52 22 0 8
873 22 22 43 13 0 8
873 13 13 54 24 0 8
873 24 24 48 18 0 8
873 18 18 35 5 0 8
873 5 5 53 23 0 8
873 8 8 50 20 0 8
873 20 20 31 1 0 8
881 9 9 52 22 0 8
881 22 22 43 13 0 8
881 13 13 54 24 0 8
881 24 24 48 18 0 8
881 18 18 35 5 0 8
881 5 5 53 23 0 8
881 8 8 50 20 0 8
881 20 20 31 1 0 8
889 9 9 52 22 0 8
889 22 22 43 13 0 8
889 13 13 54 24 0 8
889 24 24 48 18 0 8
889 18 18 35 5 0 8
889 5 5 53 23 0 8
889 8 8 50 20 0 8
889 20 20 31 1 0 8
897 9 9 52 22 0 8
897 22 22 43 13 0 8
897 13 13 54 24 0 8
897 24 24 48 18 0 8
897 18 18 35 5 0 8
897 5 5 53 23 0 8
897 8 8 50 20 0 8
897 20 20 31 1 0 8
905 9 9 52 22 0 8
905 22 22 43 13 0 8
905 13 13 54 24 0 8
905 24 24 48 18 0 8
905 18 18 35 5 0 8
905 5 5 53 23 0 8
905 8 8 50 20 0 8
905 20 20 31 1 0 8
913 9 9 52 22 0 8
913 22 22 43 13 0 8
913 13 13 54 24 0 8
913 24 24 48 18 0 8
913 18 18 35 5 0 8
913 5 5 53 23 0 8
913 8 8 50 20 0 8
913 20 20 31 1 0 8
921 9 9 52 22 0 8
921 22 22 43 13 0 8
921 13 13 54 24 0 8
921 24 24 48 18 0 8
921 18 18 35 5 0 8
921 5 5 53 23 0 8
921 8 8 50 20 0 8
921 20 20 31 1 0 8
929 9 9 52 22 0 8
929 22 22 43 13 0 8
929 13 13 54 24 0 8
929 24 24 48 18 0 8
929 18 18 35 5 0 8
929 5 5 53 23 0 8
929 8 8 50 20 0 8
929 20 20 31 1 0 8
937 9 9 52 22 0 8
937 22 22 43 13 0 8
937 13 13 54 24 0 8
937 24 24 48 18 0 8
937 18 18 35 5 0 8
937 5 5 53 23 0 8
937 8 8 50 20 0 8
937 20 20 31 1 0 8
945 9 9 52 22 0 8
945 22 22 43 13 0 8
945 13 13 54 24 0 8
945 24 24 48 18 0 8
945 18 18 35 5 0 8
945 5 5 53 23 0 8
945 8 8 50 20 0 8
945 20 20 31 1 0 8
953 9 9 52 22 0 8
953 22 22 43 13 0 8
953 13 13 54 24 0 8
953 24 24 48 18 0 8
953 18 18 35 5 0 8
953 5 5 53 23 0 8
953 8 8 50 20 0 8
953 20 20 31 1 0 8
961 9 9 52 22 0 8
961 22 22 43 13 0 8
961 13 13 54 24 0 8
961 24 24 48 18 0 8
961 18 18 35 5 0 8
961 5 5 53 23 0 8
961 8 8 50 20 0 8
961 20 20 31 1 0 8
969 9 9 52 22 0 8
969 22 22 43 13 0 8
969 13 13 54 24 0 8
969 24 24 48 18 0 8
969 18 18 35 5 0 8
969 5 5 53 23 0 8
969 8 8 50 20 0 8
969 20 20 31 1 0 8
977 9 9 52 22 0 8
977 22 22 43 13 0 8
977 13 13 54 24 0 8
977 24 24 48 18 0 8
977 18 18 35 5 0 8
977 5 5 53 23 0 8
977 8 8 50 20 0 8
977 20 20 31 1 0 8
985 9 9 52 22 0 8
985 22 22 43 13 0 8
985 13 13 54 24 0 8
985 24 24 48 18 0 8
985 18 18 35 5 0 8
985 5 5 53 23 0 8
985 8 8 50 20 0 8
985 20 20 31 1 0 8
993 9 9 52 22 0 8
993 22 22 43 13 0 8
993 13 13 54 24 0 8
993 24 24 48 18 0 8
993 18 18 35 5 0 8
993 5 5 53 23 0 8
993 8 8 50 20 0 8
993 20 20 31 1 0 8
1001 9 9 52 22 0 8
1001 22 22 43 13 0 8
1001 13 13 54 24 0 8
1001 24 24 48 18 0 8
1001 18 18 35 5 0 8
1001 5 5 53 23 0 8
1001 8 8 50 20 0 8
1001 20 20 31 1 0 8
1009 9 9 52 22 0 8
1009 22 22 43 13 0 8
1009 13 13 54 24 0 8
1009 24 24 48 18 0 8
1009 18 18 35 5 0 8
1009 5 5 53 23 0 8
1009 8 8 50 20 0 8
1009 20 20 31 1 0 8
1017 9 9 52 22 0 8
1017 22 22 43 13 0 8
1017 13 13 54 24 0 8
1017 24 24 48 18 0 8
1017 18 18 35 5 0 8
1017 5 5 53 23 0 8
1017 8 8 50 20 0 8
1017 20 20 31 1 0 8
1025 9 9 52 22 0 8
1025 22 22 43 13 0 8
1025 13 13 54 24 0 8
1025 24 24 48 18 0 8
1025 18 18 35 5 0 8
1025 5 5 53 23 0 8
1025 8 8 50 20 0 8
1025 20 20 31 1 0 8
1033 9 9 52 22 0 8
1033 22 22 43 13 0 8
1033 13 13 54 24 0 8
1033 24 24 48 18 0 8
1033 18 18 35 5 0 8
1033 5 5 53 23 0 8
1033 8 8 50 20 0 8
1033 20 20 31 1 0 8
1041 9 9 52 22 0 8
1041 22 22 43 13 0 8
1041 13 13 54 24 0 8
1041 24 24 48 18 0 8
1041 18 18 35 5 0 8
1041 5 5 53 23 0 8
1041 8 8 50 20 0 8
1041 20 20 31 1 0 8
1049 9 9 52 22 0 8
1049 22 22 43 13 0 8
1049 13 13 54 24 0 8
1049 24 24 48 18 0 8
1049 18 18 35 5 0 8
1049 5 5 53 23 0 8
1049 8 8 50 20 0 8
1049 20 20 31 1 0 8
1057 9 9 52 22 0 8
1057 22 22 43 13 0 8
1057 13 13 54 24 0 8
1057 24 24 48 18 0 8
1057 18 18 35 5 0 8
1057 5 5 53 23 0 8
1057 8 8 50 20 0 8
1057 20 20 31 1 0 8
1065 9 9 52 22 0 8
1065 22 22 43 13 0 8
1065 13 13 54 24 0 8
1065 24 24 48 18 0 8
1065 18 18 35 5 0 8
1065 5 5 53 23 0 8
1065 8 8 50 20 0 8
1065 20 20 31 1 0 8
1073 9 9 52 22 0 8
1073 22 22 43 13 0 8
1073 13 13 54 24 0 8
1073 24 24 48 18 0 8
1073 18 18 35 5 0 8
1073 5 5 53 23 0 8
1073 8 8 50 20 0 8
1073 20 20 31 1 0 8
1081 9 9 52 22 0 8
1081 22 22 43 13 0 8
1081 13 13 54 24 0 8
1081 24 24 48 18 0 8
1081 18 18 35 5 0 8
1081 5 5 53 23 0 8
1081 8 8 50 20 0 8
1081 20 20 31 1 0 8
1089 9 9 52 22 0 8
1089 22 22 43 13 0 8
1089 13 13 54 24 0 8
1089 24 24 48 18 0 8
1089 18 18 35 5 0 8
1089 5 5 53 23 0 8
1089 8 8 50 20 0 8
1089 20 20 31 1 0 8
1097 9 9 52 22 0 8
1097 22 22 43 13 0 8
1097 13 13 54 24 0 8
1097 24 24 48 18 0 8
1097 18 18 35 5 0 8
1097 5 5 53 23 0 8
1097 8 8 50 20 0 8
1097 20 20 31 1 0 8
1105 9 9 52 22 0 8
1105 22 22 43 13 0 8
1105 13 13 54 24 0 8
1105 24 24 48 18 0 8
1105 18 18 35 5 0 8
1105 5 5 53 23 0 8
1105 8 8 50 20 0 8
1105 20 20 31 1 0 8
1113 9 9 52 22 0 8
1113 22 22 43 13 0 8
1113 13 13 54 24 0 8
1113 24 24 48 18 0 8
1113 18 18 35 5 0 8
1113 5 5 53 23 0 8
1113 8 8 50 20 0 8
1113 20 20 31 1 0 8
1121 9 9 52 22 0 8
1121 22 22 43 13 0 8
1121 13 13 54 24 0 8
1121 24 24 48 18 0 8
1121 18 18 35 5 0 8
1121 5 5 53 23 0 8
1121 8 8 50 20 0 8
1121 20 20 31 1 0 8
1129 9 9 52 22 0 8
1129 22 22 43 13 0 8
1129 13 13 54 24 0 8
1129 24 24 48 18 0 8
1129 18 18 35 5 0 8
1129 5 5 53 23 0 8
1129 8 8 50 20 0 8
1129 20 20 31 1 0 8
1137 9 9 52 22 0 8
1137 22 22 43 13 0 8
1137 13 13 54 24 0 8
1137 24 24 48 18 0 8
1137 18 18 35 5 0 8
1137 5 5 53 23 0 8
1137 8 8 50 20 0 8
1137 20 20 31 1 0 8
1145 9 9 52 22 0 8
1145 22 22 43 13 0 8
1145 13 13 54 24 0 8
1145 24 24 48 18 0 8
1145 18 18 35 5 0 8
1145 5 5 53 23 0 8
1145 8 8 50 20 0 8
1145 20 20 31 1 0 8
1153 9 9 52 22 0 8
1153 22 22 43 13 0 8
1153 13 13 54 24 0 8
1153 24 24 48 18 0 8
1153 18 18 35 5 0 8
1153 5 5 53 23 0 8
1153 8 8 50 20 0 8
1153 20 20 31 1 0 8
1161 9 9 52 22 0 8
1161 22 22 43 13 0 8
1161 13 13 54 24 0 8
1161 24 24 48 18 0 8
1161 18 18 35 5 0 8
1161 5 5 53 23 0 8
1161 8 8 50 20 0 8
1161 20 20 31 1 0 8
1169 9 9 52 22 0 8
1169 22 22 43 13 0 8
1169 13 13 54 24 0 8
1169 24 24 48 18 0 8
1169 18 18 35 5 0 8
1169 5 5 53 23 0 8
1169 8 8 50 20 0 8
1169 20 20 31 1 0 8
1177 9 9 52 22 0 8
1177 22 22 43 13 0 8
1177 13 13 54 24 0 8
1177 24 24 48 18 0 8
1177 18 18 35 5 0 8
1177 5 5 53 23 0 8
1177 8 8 50 20 0 8
1177 20 20 31 1 0 8
1185 9 9 52 22 0 8
1185 22 22 43 13 0 8
1185 13 13 54 24 0 8
1185 24 24 48 18 0 8
1185 18 18 35 5 0 8
1185 5 5 53 23 0 8
1185 8 8 50 20 0 8
1185 20 20 31 1 0 8
1193 9 9 52 22 0 8
1193 22 22 43 13 0 8
1193 13 13 54 24 0 8
1193 24 24 48 18 0 8
1193 18 18 35 5 0 8
1193 5 5 53 23 0 8
1193 8 8 50 20 0 8
1193 20 20 31 1 0 8
1201 9 9 52 22 0 8
1201 22 22 43 13 0 8
1201 13 13 54 24 0 8
1201 24 24 48 18 0 8
1201 18 18 35 5 0 8
1201 5 5 53 23 0 8
1201 8 8 50 20 0 8
1201 20 20 31 1 0 8
1209 9 9 52 22 0 8
1209 22 22 43 13 0 8
1209 13 13 54 24 0 8
1209 24 24 48 18 0 8
1209 18 18 35 5 0 8
1209 5 5 53 23 0 8
1209 8 8 50 20 0 8
1209 20 20 31 1 0 8
1217 9 9 52 22 0 8
1217 22 22 43 13 0 8
1217 13 13 54 24 0 8
1217 24 24 48 18 0 8
1217 18 18 35 5 0 8
1217 5 5 53 23 0 8
1217 8 8 50 20 0 8
1217 20 20 31 1 0 8
1225 9 9 52 22 0 8
1225 22 22 43 13 0 8
1225 13 13 54 24 0 8
1225 24 24 48 18 0 8
1225 18 18 35 5 0 8
1225 5 5 53 23 0 8
1225 8 8 50 20 0 8
1225 20 20 31 1 0 8
1233 9 9 52 22 0 8
1233 22 22 43 13 0 8
1233 13 13 54 24 0 8
1233 24 24 48 18 0 8
1233 18 18 35 5 0 8
1233 5 5 53 23 0 8
1233 8 8 50 20 0 8
1233 20 20 31 1 0 8
1241 9 9 52 22 0 8
1241 22 22 43 13 0 8
1241 13 13 54 24 0 8
1241 24 24 48 18 0 8
1241 18 18 35 5 0 8
1241 5 5 53 23 0 8
1241 8 8 50 20 0 8
1241 20 20 31 1 0 8
1249 9 9 52 22 0 8
1249 22 22 43 13 0 8
1249 13 13 54 24 0 8
1249 24 24 48 18 0 8
1249 18 18 35 5 0 8
1249 5 5 53 23 0 8
1249 8 8 50 20 0 8
1249 20 20 31 1 0 8
1257 9 9 52 22 0 8
1257 22 22 43 13 0 8
1257 13 13 54 24 0 8
1257 24 24 48 18 0 8
1257 18 18 35 5 0 8
1257 5 5 53 23 0 8
1257 8 8 50 20 0 8
1257 20 20 31 1 0 8
1265 9 9 52 22 0 8
1265 22 22 43 13 0 8
1265 13 13 54 24 0 8
1265 24 24 48 18 0 8
1265 18 18 35 5 0 8
1265 5 5 53 23 0 8
1265 8 8 50 20 0 8
1265 20 20 31 1 0 8
1273 9 9 52 22 0 8
1273 22 22 43 13 0 8
1273 13 13 54 24 0 8
1273 24 24 48 18 0 8
1273 18 18 35 5 0 8
1273 5 5 53 23 0 8
1273 8 8 50 20 0 8
1273 20 20 31 1 0 8
1281 9 9 52 22 0 8
1281 22 22 43 13 0 8
1281 13 13 54 24 0 8
1281 18 18 35 5 0 8
1281 5 5 53 23 0 8
1289 9 9 52 22 0 8
1289 22 22 43 13 0 8
1289 13 13 54 24 0 8
1289 18 18 35 5 0 8
1289 5 5 53 23 0 8
1297 9 9 52 22 0 8
1297 22 22 43 13 0 8
1297 13 13 54 24 0 8
1297 18 18 35 5 0 8
1297 5 5 53 23 0 8
1305 9 9 52 22 0 8
1305 22 22 43 13 0 8
1305 13 13 54 24 0 8
1305 18 18 35 5 0 8
1305 5 5 53 23 0 8
1313 9 9 52 22 0 8
1313 22 22 43 13 0 8
1313 13 13 54 24 0 8
1313 18 18 35 5 0 8
1313 5 5 53 23 0 8
1321 9 9 52 22 0 8
1321 22 22 43 13 0 8
1321 13 13 54 24 0 8
1321 18 18 35 5 0 8
1321 5 5 53 23 0 8
1329 9 9 52 22 0 8
1329 22 22 43 13 0 8
1329 13 13 54 24 0 8
1329 18 18 35 5 0 8
1329 5 5 53 23 0 8
1337 9 9 52 22 0 8
1337 22 22 43 13 0 8
1337 13 13 54 24 0 8
1337 18 18 35 5 0 8
1337 5 5 53 23 0 8
1345 9 9 52 22 0 8
1345 22 22 43 13 0 8
1345 13 13 54 24 0 8
1345 18 18 35 5 0 8
1345 5 5 53 23 0 8
1353 9 9 52 22 0 8
1353 22 22 43 13 0 8
1353 13 13 54 24 0 8
1353 18 18 35 5 0 8
1353 5 5 53 23 0 8
1361 9 9 52 22 0 8
1361 22 22 43 13 0 8
1361 13 13 54 24 0 8
1361 18 18 35 5 0 8
1361 5 5 53 23 0 8
1369 9 9 52 22 0 8
1369 22 22 43 13 0 8
1369 13 13 54 24 0 8
1369 18 18 35 5 0 8
1369 5 5 53 23 0 8
1377 9 9 52 22 0 8
1377 22 22 43 13 0 8
1377 13 13 54 24 0 8
1377 18 18 35 5 0 8
1377 5 5 53 23 0 8
1385 9 9 52 22 0 8
1385 22 22 43 13 0 8
1385 13 13 54 24 0 8
1385 18 18 35 5 0 8
1385 5 5 53 23 0 8
1393 9 9 52 22 0 8
1393 22 22 43 13 0 8
1393 13 13 54 24 0 8
1393 18 18 35 5 0 8
1393 5 5 53 23 0 8
1401 9 9 52 22 0 8
1401 22 22 43 13 0 8
1401 13 13 54 24 0 8
1401 18 18 35 5 0 8
1401 5 5 53 23 0 8
1409 9 9 52 22 0 8
1409 22 22 43 13 0 8
1409 13 13 54 24 0 8
1409 18 18 35 5 0 8
1409 5 5 53 23 0 8
1417 9 9 52 22 0 8
1417 22 22 43 13 0 8
1417 13 13 54 24 0 8
1417 18 18 35 5 0 8
1417 5 5 53 23 0 8
1425 9 9 52 22 0 8
1425 22 22 43 13 0 8
1425 13 13 54 24 0 8
1425 18 18 35 5 0 8
1425 5 5 53 23 0 8
1433 9 9 52 22 0 8
1433 22 22 43 13 0 8
1433 13 13 54 24 0 8
1433 18 18 35 5 0 8
1433 5 5 53 23 0 8
1441 9 9 52 22 0 8
1441 22 22 43 13 0 8
1441 13 13 54 24 0 8
1441 18 18 35 5 0 8
1441 5 5 53 23 0 8
1449 9 9 52 22 0 8
1449 22 22 43 13 0 8
1449 13 13 54 24 0 8
1449 18 18 35 5 0 8
1449 5 5 53 23 0 8
1457 9 9 52 22 0 8
1457 22 22 43 13 0 8
1457 13 13 54 24 0 8
1457 18 18 35 5 0 8
1457 5 5 53 23 0 8
1465 9 9 52 22 0 8
1465 22 22 43 13 0 8
1465 13 13 54 24 0 8
1465 18 18 35 5 0 8
1465 5 5 53 23 0 8
1473 9 9 52 22 0 8
1473 22 22 43 13 0 8
1473 13 13 54 24 0 8
1473 18 18 35 5 0 8
1473 5 5 53 23 0 8
1481 9 9 52 22 0 8
1481 22 22 43 13 0 8
1481 13 13 54 24 0 8
1481 18 18 35 5 0 8
1481 5 5 53 23 0 8
1489 9 9 52 22 0 8
1489 22 22 43 13 0 8
1489 13 13 54 24 0 8
1489 18 18 35 5 0 8
1489 5 5 53 23 0 8
1497 9 9 52 22 0 8
1497 22 22 43 13 0 8
1497 13 13 54 24 0 8
1497 18 18 35 5 0 8
1497 5 5 53 23 0 8
1505 9 9 52 22 0 8
1505 22 22 43 13 0 8
1505 13 13 54 24 0 8
1505 18 18 35 5 0 8
1505 5 5 53 23 0 8
1513 9 9 52 22 0 8
1513 22 22 43 13 0 8
1513 13 13 54 24 0 8
1513 18 18 35 5 0 8
1513 5 5 53 23 0 8
1521 9 9 52 22 0 8
1521 22 22 43 13 0 8
1521 13 13 54 24 0 8
1521 18 18 35 5 0 8
1521 5 5 53 23 0 8
1529 9 9 52 22 0 8
1529 22 22 43 13 0 8
1529 13 13 54 24 0 8
1529 18 18 35 5 0 8
1529 5 5 53 23 0 8
1537 9 9 52 22 0 8
1537 22 22 43 13 0 8
1537 13 13 54 24 0 8
1537 18 18 35 5 0 8
1537 5 5 53 23 0 8
1545 9 9 52 22 0 8
1545 22 22 43 13 0 8
1545 13 13 54 24 0 8
1545 18 18 35 5 0 8
1545 5 5 53 23 0 8
1553 9 9 52 22 0 8
1553 22 22 43 13 0 8
1553 13 13 54 24 0 8
1553 18 18 35 5 0 8
1553 5 5 53 23 0 8
1561 9 9 52 22 0 8
1561 22 22 43 13 0 8
1561 13 13 54 24 0 8
1561 18 18 35 5 0 8
1561 5 5 53 23 0 8
1569 9 9 52 22 0 8
1569 22 22 43 13 0 8
1569 13 13 54 24 0 8
1569 18 18 35 5 0 8
1569 5 5 53 23 0 8
1577 9 9 52 22 0 8
1577 22 22 43 13 0 8
1577 13 13 54 24 0 8
1577 18 18 35 5 0 8
1577 5 5 53 23 0 8
1585 9 9 52 22 0 8
1585 22 22 43 13 0 8
1585 13 13 54 24 0 8
1585 18 18 35 5 0 8
1585 5 5 53 23 0 8
1593 9 9 52 22 0 8
1593 22 22 43 13 0 8
1593 13 13 54 24 0 8
1593 18 18 35 5 0 8
1593 5 5 53 23 0 8
1601 9 9 52 22 0 8
1601 22 22 43 13 0 8
1601 13 13 54 24 0 8
1601 18 18 35 5 0 8
1601 5 5 53 23 0 8
1609 9 9 52 22 0 8
1609 22 22 43 13 0 8
1609 13 13 54 24 0 8
1609 18 18 35 5 0 8
1609 5 5 53 23 0 8
1617 9 9 52 22 0 8
1617 22 22 43 13 0 8
1617 13 13 54 24 0 8
1617 18 18 35 5 0 8
1617 5 5 53 23 0 8
1625 9 9 52 22 0 8
1625 22 22 43 13 0 8
1625 13 13 54 24 0 8
1625 18 18 35 5 0 8
1625 5 5 53 23 0 8
1633 9 9 52 22 0 8
1633 22 22 43 13 0 8
1633 13 13 54 24 0 8
1633 18 18 35 5 0 8
1633 5 5 53 23 0 8
1641 9 9 52 22 0 8
1641 22 22 43 13 0 8
1641 13 13 54 24 0 8
1641 18 18 35 5 0 8
1641 5 5 53 23 0 8
1649 9 9 52 22 0 8
1649 22 22 43 13 0 8
1649 13 13 54 24 0 8
1649 18 18 35 5 0 8
1649 5 5 53 23 0 8
1657 9 9 52 22 0 8
1657 22 22 43 13 0 8
1657 13 13 54 24 0 8
1657 18 18 35 5 0 8
1657 5 5 53 23 0 8
1665 9 9 52 22 0 8
1665 22 22 43 13 0 8
1665 13 13 54 24 0 8
1665 18 18 35 5 0 8
1665 5 5 53 23 0 8
1673 9 9 52 22 0 8
1673 22 22 43 13 0 8
1673 13 13 54 24 0 8
1673 18 18 35 5 0 8
1673 5 5 53 23 0 8
1681 9 9 52 22 0 8
1681 22 22 43 13 0 8
1681 13 13 54 24 0 8
1681 18 18 35 5 0 8
1681 5 5 53 23 0 8
1689 9 9 52 22 0 8
1689 22 22 43 13 0 8
1689 13 13 54 24 0 8
1689 18 18 35 5 0 8
1689 5 5 53 23 0 8
1697 9 9 52 22 0 8
1697 22 22 43 13 0 8
1697 13 13 54 24 0 8
1697 18 18 35 5 0 8
1697 5 5 53 23 0 8
1705 9 9 52 22 0 8
1705 22 22 43 13 0 8
1705 13 13 54 24 0 8
1705 18 18 35 5 0 8
1705 5 5 53 23 0 8
1713 9 9 52 22 0 8
1713 22 22 43 13 0 8
1713 13 13 54 24 0 8
1713 18 18 35 5 0 8
1713 5 5 53 23 0 8
1721 9 9 52 22 0 8
1721 22 22 43 13 0 8
1721 13 13 54 24 0 8
1721 18 18 35 5 0 8
1721 5 5 53 23 0 8
1729 9 9 52 22 0 8
1729 22 22 43 13 0 8
1729 13 13 54 24 0 8
1729 18 18 35 5 0 8
1729 5 5 53 23 0 8
1737 9 9 52 22 0 8
1737 22 22 43 13 0 8
1737 13 13 54 24 0 8
1737 18 18 35 5 0 8
1737 5 5 53 23 0 8
1745 9 9 52 22 0 8
1745 22 22 43 13 0 8
1745 13 13 54 24 0 8
1745 18 18 35 5 0 8
1745 5 5 53 23 0 8
1753 9 9 52 22 0 8
1753 22 22 43 13 0 8
1753 13 13 54 24 0 8
1753 18 18 35 5 0 8
1753 5 5 53 23 0 8
1761 9 9 52 22 0 8
1761 22 22 43 13 0 8
1761 13 13 54 24 0 8
1761 18 18 35 5 0 8
1761 5 5 53 23 0 8
1769 9 9 52 22 0 8
1769 22 22 43 13 0 8
1769 13 13 54 24 0 8
1769 18 18 35 5 0 8
1769 5 5 53 23 0 8
1777 9 9 52 22 0 8
1777 22 22 43 13 0 8
1777 13 13 54 24 0 8
1777 18 18 35 5 0 8
1777 5 5 53 23 0 8
1785 9 9 52 22 0 8
1785 22 22 43 13 0 8
1785 13 13 54 24 0 8
1785 18 18 35 5 0 8
1785 5 5 53 23 0 8
1793 9 9 52 22 0 8
1793 22 22 43 13 0 8
1793 13 13 54 24 0 8
1793 18 18 35 5 0 8
1793 5 5 53 23 0 8
1801 9 9 52 22 0 8
1801 22 22 43 13 0 8
1801 13 13 54 24 0 8
1801 18 18 35 5 0 8
1801 5 5 53 23 0 8
1809 9 9 52 22 0 8
1809 22 22 43 13 0 8
1809 13 13 54 24 0 8
1809 18 18 35 5 0 8
1809 5 5 53 23 0 8
1817 9 9 52 22 0 8
1817 22 22 43 13 0 8
1817 13 13 54 24 0 8
1817 18 18 35 5 0 8
1817 5 5 53 23 0 8
1825 9 9 52 22 0 8
1825 22 22 43 13 0 8
1825 13 13 54 24 0 8
1825 18 18 35 5 0 8
1825 5 5 53 23 0 8
1833 9 9 52 22 0 8
1833 22 22 43 13 0 8
1833 13 13 54 24 0 8
1833 18 18 35 5 0 8
1833 5 5 53 23 0 8
1841 9 9 52 22 0 8
1841 22 22 43 13 0 8
1841 13 13 54 24 0 8
1841 18 18 35 5 0 8
1841 5 5 53 23 0 8
1849 9 9 52 22 0 8
1849 22 22 43 13 0 8
1849 13 13 54 24 0 8
1849 18 18 35 5 0 8
1849 5 5 53 23 0 8
1857 9 9 52 22 0 8
1857 22 22 43 13 0 8
1857 13 13 54 24 0 8
1857 18 18 35 5 0 8
1857 5 5 53 23 0 8
1865 9 9 52 22 0 8
1865 22 22 43 13 0 8
1865 13 13 54 24 0 8
1865 18 18 35 5 0 8
1865 5 5 53 23 0 8
1873 9 9 52 22 0 8
1873 22 22 43 13 0 8
1873 13 13 54 24 0 8
1873 18 18 35 5 0 8
1873 5 5 53 23 0 8
1881 9 9 52 22 0 8
1881 22 22 43 13 0 8
1881 13 13 54 24 0 8
1881 18 18 35 5 0 8
1881 5 5 53 23 0 8
1889 9 9 52 22 0 8
1889 22 22 43 13 0 8
1889 13 13 54 24 0 8
1889 18 18 35 5 0 8
1889 5 5 53 23 0 8
1897 9 9 52 22 0 8
1897 22 22 43 13 0 8
1897 13 13 54 24 0 8
1897 18 18 35 5 0 8
1897 5 5 53 23 0 8
1905 9 9 52 22 0 8
1905 22 22 43 13 0 8
1905 13 13 54 24 0 8
1905 18 18 35 5 0 8
1905 5 5 53 23 0 8
1913 9 9 52 22 0 8
1913 22 22 43 13 0 8
1913 13 13 54 24 0 8
1913 18 18 35 5 0 8
1913 5 5 53 23 0 8
1921 9 9 52 22 0 8
1921 22 22 43 13 0 8
1921 13 13 54 24 0 8
1921 18 18 35 5 0 8
1921 5 5 53 23 0 8
1929 9 9 52 22 0 8
1929 22 22 43 13 0 8
1929 13 13 54 24 0 8
1929 18 18 35 5 0 8
1929 5 5 53 23 0 8
1937 9 9 52 22 0 8
1937 22 22 43 13 0 8
1937 13 13 54 24 0 8
1937 18 18 35 5 0 8
1937 5 5 53 23 0 8
1945 9 9 52 22 0 8
1945 22 22 43 13 0 8
1945 13 13 54 24 0 8
1945 18 18 35 5 0 8
1945 5 5 53 23 0 8
1953 9 9 52 22 0 8
1953 22 22 43 13 0 8
1953 13 13 54 24 0 8
1953 18 18 35 5 0 8
1953 5 5 53 23 0 8
1961 9 9 52 22 0 8
1961 22 22 43 13 0 8
1961 13 13 54 24 0 8
1961 18 18 35 5 0 8
1961 5 5 53 23 0 8
1969 9 9 52 22 0 8
1969 22 22 43 13 0 8
1969 13 13 54 24 0 8
1969 18 18 35 5 0 8
1969 5 5 53 23 0 8
1977 9 9 52 22 0 8
1977 22 22 43 13 0 8
1977 13 13 54 24 0 8
1977 18 18 35 5 0 8
1977 5 5 53 23 0 8
1985 9 9 52 22 0 8
1985 22 22 43 13 0 8
1985 13 13 54 24 0 8
1985 18 18 35 5 0 8
1985 5 5 53 23 0 8
1993 9 9 52 22 0 8
1993 22 22 43 13 0 8
1993 13 13 54 24 0 8
1993 18 18 35 5 0 8
1993 5 5 53 23 0 8
2001 9 9 52 22 0 8
2001 22 22 43 13 0 8
2001 13 13 54 24 0 8
2001 18 18 35 5 0 8
2001 5 5 53 23 0 8
2009 9 9 52 22 0 8
2009 22 22 43 13 0 8
2009 13 13 54 24 0 8
2009 18 18 35 5 0 8
2009 5 5 53 23 0 8
2017 9 9 52 22 0 8
2017 22 22 43 13 0 8
2017 13 13 54 24 0 8
2017 18 18 35 5 0 8
2017 5 5 53 23 0 8
2025 9 9 52 22 0 8
2025 22 22 43 13 0 8
2025 13 13 54 24 0 8
2025 18 18 35 5 0 8
2025 5 5 53 23 0 8
2033 9 9 52 22 0 8
2033 22 22 43 13 0 8
2033 13 13 54 24 0 8
2033 18 18 35 5 0 8
2033 5 5 53 23 0 8
2041 9 9 52 22 0 8
2041 22 22 43 13 0 8
2041 13 13 54 24 0 8
2041 18 18 35 5 0 8
2041 5 5 53 23 0 8
2049 9 9 52 22 0 8
2049 22 22 43 13 0 8
2049 13 13 54 24 0 8
2049 18 18 35 5 0 8
2049 5 5 53 23 0 8
2057 9 9 52 22 0 8
2057 22 22 43 13 0 8
2057 13 13 54 24 0 8
2057 18 18 35 5 0 8
2057 5 5 53 23 0 8
2065 9 9 52 22 0 8
2065 22 22 43 13 0 8
2065 13 13 54 24 0 8
2065 18 18 35 5 0 8
2065 5 5 53 23 0 8
2073 9 9 52 22 0 8
2073 22 22 43 13 0 8
2073 13 13 54 24 0 8
2073 18 18 35 5 0 8
2073 5 5 53 23 0 8
2081 9 9 52 22 0 8
2081 22 22 43 13 0 8
2081 13 13 54 24 0 8
2081 18 18 35 5 0 8
2081 5 5 53 23 0 8
2089 9 9 52 22 0 8
2089 22 22 43 13 0 8
2089 13 13 54 24 0 8
2089 18 18 35 5 0 8
2089 5 5 53 23 0 8
2097 9 9 52 22 0 8
2097 22 22 43 13 0 8
2097 13 13 54 24 0 8
2097 18 18 35 5 0 8
2097 5 5 53 23 0 8
2105 9 9 52 22 0 8
2105 22 22 43 13 0 8
2105 13 13 54 24 0 8
2105 18 18 35 5 0 8
2105 5 5 53 23 0 8
2113 9 9 52 22 0 8
2113 22 22 43 13 0 8
2113 13 13 54 24 0 8
2113 18 18 35 5 0 8
2113 5 5 53 23 0 8
2121 9 9 52 22 0 8
2121 22 22 43 13 0 8
2121 13 13 54 24 0 8
2121 18 18 35 5 0 8
2121 5 5 53 23 0 8
2129 9 9 52 22 0 8
2129 22 22 43 13 0 8
2129 13 13 54 24 0 8
2129 18 18 35 5 0 8
2129 5 5 53 23 0 8
2137 9 9 52 22 0 8
2137 22 22 43 13 0 8
2137 13 13 54 24 0 8
2137 18 18 35 5 0 8
2137 5 5 53 23 0 8
2145 9 9 52 22 0 8
2145 22 22 43 13 0 8
2145 13 13 54 24 0 8
2145 18 18 35 5 0 8
2145 5 5 53 23 0 8
2153 9 9 52 22 0 8
2153 22 22 43 13 0 8
2153 13 13 54 24 0 8
2153 18 18 35 5 0 8
2153 5 5 53 23 0 8
2161 9 9 52 22 0 8
2161 22 22 43 13 0 8
2161 13 13 54 24 0 8
2161 18 18 35 5 0 8
2161 5 5 53 23 0 8
2169 9 9 52 22 0 8
2169 22 22 43 13 0 8
2169 13 13 54 24 0 8
2169 18 18 35 5 0 8
2169 5 5 53 23 0 8
2177 9 9 52 22 0 8
2177 22 22 43 13 0 8
2177 13 13 54 24 0 8
2177 18 18 35 5 0 8
2177 5 5 53 23 0 8
2185 9 9 52 22 0 8
2185 22 22 43 13 0 8
2185 13 13 54 24 0 8
2185 18 18 35 5 0 8
2185 5 5 53 23 0 8
2193 9 9 52 22 0 8
2193 22 22 43 13 0 8
2193 13 13 54 24 0 8
2193 18 18 35 5 0 8
2193 5 5 53 23 0 8
2201 9 9 52 22 0 8
2201 22 22 43 13 0 8
2201 13 13 54 24 0 8
2201 18 18 35 5 0 8
2201 5 5 53 23 0 8
2209 9 9 52 22 0 8
2209 22 22 43 13 0 8
2209 13 13 54 24 0 8
2209 18 18 35 5 0 8
2209 5 5 53 23 0 8
2217 9 9 52 22 0 8
2217 22 22 43 13 0 8
2217 13 13 54 24 0 8
2217 18 18 35 5 0 8
2217 5 5 53 23 0 8
2225 9 9 52 22 0 8
2225 22 22 43 13 0 8
2225 13 13 54 24 0 8
2225 18 18 35 5 0 8
2225 5 5 53 23 0 8
2233 9 9 52 22 0 8
2233 22 22 43 13 0 8
2233 13 13 54 24 0 8
2233 18 18 35 5 0 8
2233 5 5 53 23 0 8
2241 9 9 52 22 0 8
2241 22 22 43 13 0 8
2241 13 13 54 24 0 8
2241 18 18 35 5 0 8
2241 5 5 53 23 0 8
2249 9 9 52 22 0 8
2249 22 22 43 13 0 8
2249 13 13 54 24 0 8
2249 18 18 35 5 0 8
2249 5 5 53 23 0 8
2257 9 9 52 22 0 8
2257 22 22 43 13 0 8
2257 13 13 54 24 0 8
2257 18 18 35 5 0 8
2257 5 5 53 23 0 8
2265 9 9 52 22 0 8
2265 22 22 43 13 0 8
2265 13 13 54 24 0 8
2265 18 18 35 5 0 8
2265 5 5 53 23 0 8
2273 9 9 52 22 0 8
2273 22 22 43 13 0 8
2273 13 13 54 24 0 8
2273 18 18 35 5 0 8
2273 5 5 53 23 0 8
2281 9 9 52 22 0 8
2281 22 22 43 13 0 8
2281 13 13 54 24 0 8
2281 18 18 35 5 0 8
2281 5 5 53 23 0 8
2289 9 9 52 22 0 8
2289 22 22 43 13 0 8
2289 13 13 54 24 0 8
2289 18 18 35 5 0 8
2289 5 5 53 23 0 8
2297 9 9 52 22 0 8
2297 22 22 43 13 0 8
2297 13 13 54 24 0 8
2297 18 18 35 5 0 8
2297 5 5 53 23 0 8
2305 9 9 52 22 0 8
2305 22 22 43 13 0 8
2305 13 13 54 24 0 8
2305 18 18 35 5 0 8
2305 5 5 53 23 0 8
2313 9 9 52 22 0 8
2313 22 22 43 13 0 8
2313 13 13 54 24 0 8
2313 18 18 35 5 0 8
2313 5 5 53 23 0 8
2321 9 9 52 22 0 8
2321 22 22 43 13 0 8
2321 13 13 54 24 0 8
2321 18 18 35 5 0 8
2321 5 5 53 23 0 8
2329 9 9 52 22 0 8
2329 22 22 43 13 0 8
2329 13 13 54 24 0 8
2329 18 18 35 5 0 8
2329 5 5 53 23 0 8
2337 9 9 52 22 0 8
2337 22 22 43 13 0 8
2337 13 13 54 24 0 8
2337 18 18 35 5 0 8
2337 5 5 53 23 0 8
2345 9 9 52 22 0 8
2345 22 22 43 13 0 8
2345 13 13 54 24 0 8
2345 18 18 35 5 0 8
2345 5 5 53 23 0 8
2353 9 9 52 22 0 8
2353 22 22 43 13 0 8
2353 13 13 54 24 0 8
2353 18 18 35 5 0 8
2353 5 5 53 23 0 8
2361 9 9 52 22 0 8
2361 22 22 43 13 0 8
2361 13 13 54 24 0 8
2361 18 18 35 5 0 8
2361 5 5 53 23 0 8
2369 9 9 52 22 0 8
2369 22 22 43 13 0 8
2369 13 13 54 24 0 8
2369 18 18 35 5 0 8
2369 5 5 53 23 0 8
2377 9 9 52 22 0 8
2377 22 22 43 13 0 8
2377 13 13 54 24 0 8
2377 18 18 35 5 0 8
2377 5 5 53 23 0 8
2385 9 9 52 22 0 8
2385 22 22 43 13 0 8
2385 13 13 54 24 0 8
2385 18 18 35 5 0 8
2385 5 5 53 23 0 8
2393 9 9 52 22 0 8
2393 22 22 43 13 0 8
2393 13 13 54 24 0 8
2393 18 18 35 5 0 8
2393 5 5 53 23 0 8
2401 9 9 52 22 0 8
2401 22 22 43 13 0 8
2401 13 13 54 24 0 8
2401 18 18 35 5 0 8
2401 5 5 53 23 0 8
2409 9 9 52 22 0 8
2409 22 22 43 13 0 8
2409 13 13 54 24 0 8
2409 18 18 35 5 0 8
2409 5 5 53 23 0 8
2417 9 9 52 22 0 8
2417 22 22 43 13 0 8
2417 13 13 54 24 0 8
2417 18 18 35 5 0 8
2417 5 5 53 23 0 8
2425 9 9 52 22 0 8
2425 22 22 43 13 0 8
2425 13 13 54 24 0 8
2425 18 18 35 5 0 8
2425 5 5 53 23 0 8
2433 9 9 52 22 0 8
2433 22 22 43 13 0 8
2433 13 13 54 24 0 8
2433 18 18 35 5 0 8
2433 5 5 53 23 0 8
2441 9 9 52 22 0 8
2441 22 22 43 13 0 8
2441 13 13 54 24 0 8
2441 18 18 35 5 0 8
2441 5 5 53 23 0 8
2449 9 9 52 22 0 8
2449 22 22 43 13 0 8
2449 13 13 54 24 0 8
2449 18 18 35 5 0 8
2449 5 5 53 23 0 8
2457 9 9 52 22 0 8
2457 22 22 43 13 0 8
2457 13 13 54 24 0 8
2457 18 18 35 5 0 8
2457 5 5 53 23 0 8
2465 9 9 52 22 0 8
2465 22 22 43 13 0 8
2465 13 13 54 24 0 8
2465 18 18 35 5 0 8
2465 5 5 53 23 0 8
2473 9 9 52 22 0 8
2473 22 22 43 13 0 8
2473 13 13 54 24 0 8
2473 18 18 35 5 0 8
2473 5 5 53 23 0 8
2481 9 9 52 22 0 8
2481 22 22 43 13 0 8
2481 13 13 54 24 0 8
2481 18 18 35 5 0 8
2481 5 5 53 23 0 8
2489 9 9 52 22 0 8
2489 22 22 43 13 0 8
2489 13 13 54 24 0 8
2489 18 18 35 5 0 8
2489 5 5 53 23 0 8
2497 9 9 52 22 0 8
2497 22 22 43 13 0 8
2497 13 13 54 24 0 8
2497 18 18 35 5 0 8
2497 5 5 53 23 0 8
2505 9 9 52 22 0 8
2505 22 22 43 13 0 8
2505 13 13 54 24 0 8
2505 18 18 35 5 0 8
2505 5 5 53 23 0 8
2513 9 9 52 22 0 8
2513 22 22 43 13 0 8
2513 13 13 54 24 0 8
2513 18 18 35 5 0 8
2513 5 5 53 23 0 8
2521 9 9 52 22 0 8
2521 22 22 43 13 0 8
2521 13 13 54 24 0 8
2521 18 18 35 5 0 8
2521 5 5 53 23 0 8
2529 9 9 52 22 0 8
2529 22 22 43 13 0 8
2529 13 13 54 24 0 8
2529 18 18 35 5 0 8
2529 5 5 53 23 0 8
2537 9 9 52 22 0 8
2537 22 22 43 13 0 8
2537 13 13 54 24 0 8
2537 18 18 35 5 0 8
2537 5 5 53 23 0 8
2545 9 9 52 22 0 8
2545 22 22 43 13 0 8
2545 13 13 54 24 0 8
2545 18 18 35 5 0 8
2545 5 5 53 23 0 8
2553 9 9 52 22 0 8
2553 22 22 43 13 0 8
2553 13 13 54 24 0 8
2553 18 18 35 5 0 8
2553 5 5 53 23 0 8
2561 13 13 54 24 0 8
2569 13 13 54 24 0 8
2577 13 13 54 24 0 8
2585 13 13 54 24 0 8
2593 13 13 54 24 0 8
2601 13 13 54 24 0 8
2609 13 13 54 24 0 8
2617 13 13 54 24 0 8
2625 13 13 54 24 0 8
2633 13 13 54 24 0 8
2641 13 13 54 24 0 8
2649 13 13 54 24 0 8
2657 13 13 54 24 0 8
2665 13 13 54 24 0 8
2673 13 13 54 24 0 8
2681 13 13 54 24 0 8
2689 13 13 54 24 0 8
2697 13 13 54 24 0 8
2705 13 13 54 24 0 8
2713 13 13 54 24 0 8
2721 13 13 54 24 0 8
2729 13 13 54 24 0 8
2737 13 13 54 24 0 8
2745 13 13 54 24 0 8
2753 13 13 54 24 0 8
2761 13 13 54 24 0 8
2769 13 13 54 24 0 8
2777 13 13 54 24 0 8
2785 13 13 54 24 0 8
2793 13 13 54 24 0 8
2801 13 13 54 24 0 8
2809 13 13 54 24 0 8
2817 13 13 54 24 0 8
2825 13 13 54 24 0 8
2833 13 13 54 24 0 8
2841 13 13 54 24 0 8
2849 13 13 54 24 0 8
2857 13 13 54 24 0 8
2865 13 13 54 24 0 8
2873 13 13 54 24 0 8
2881 13 13 54 24 0 8
2889 13 13 54 24 0 8
2897 13 13 54 24 0 8
2905 13 13 54 24 0 8
2913 13 13 54 24 0 8
2921 13 13 54 24 0 8
2929 13 13 54 24 0 8
2937 13 13 54 24 0 8
2945 13 13 54 24 0 8
2953 13 13 54 24 0 8
2961 13 13 54 24 0 8
2969 13 13 54 24 0 8
2977 13 13 54 24 0 8
2985 13 13 54 24 0 8
2993 13 13 54 24 0 8
3001 13 13 54 24 0 8
3009 13 13 54 24 0 8
3017 13 13 54 24 0 8
3025 13 13 54 24 0 8
3033 13 13 54 24 0 8
3041 13 13 54 24 0 8
3049 13 13 54 24 0 8
3057 13 13 54 24 0 8
3065 13 13 54 24 0 8
3073 13 13 54 24 0 8
3081 13 13 54 24 0 8
3089 13 13 54 24 0 8
3097 13 13 54 24 0 8
3105 13 13 54 24 0 8
3113 13 13 54 24 0 8
3121 13 13 54 24 0 8
3129 13 13 54 24 0 8
3137 13 13 54 24 0 8
3145 13 13 54 24 0 8
3153 13 13 54 24 0 8
3161 13 13 54 24 0 8
3169 13 13 54 24 0 8
3177 13 13 54 24 0 8
3185 13 13 54 24 0 8
3193 13 13 54 24 0 8
3201 13 13 54 24 0 8
3209 13 13 54 24 0 8
3217 13 13 54 24 0 8
3225 13 13 54 24 0 8
3233 13 13 54 24 0 8
3241 13 13 54 24 0 8
3249 13 13 54 24 0 8
3257 13 13 54 24 0 8
3265 13 13 54 24 0 8
3273 13 13 54 24 0 8
3281 13 13 54 24 0 8
3289 13 13 54 24 0 8
3297 13 13 54 24 0 8
3305 13 13 54 24 0 8
3313 13 13 54 24 0 8
3321 13 13 54 24 0 8
3329 13 13 54 24 0 8
3337 13 13 54 24 0 8
3345 13 13 54 24 0 8
3353 13 13 54 24 0 8
3361 13 13 54 24 0 8
3369 13 13 54 24 0 8
3377 13 13 54 24 0 8
3385 13 13 54 24 0 8
3393 13 13 54 24 0 8
3401 13 13 54 24 0 8
3409 13 13 54 24 0 8
3417 13 13 54 24 0 8
3425 13 13 54 24 0 8
3433 13 13 54 24 0 8
3441 13 13 54 24 0 8
3449 13 13 54 24 0 8
3457 13 13 54 24 0 8
3465 13 13 54 24 0 8
3473 13 13 54 24 0 8
3481 13 13 54 24 0 8
3489 13 13 54 24 0 8
3497 13 13 54 24 0 8
3505 13 13 54 24 0 8
3513 13 13 54 24 0 8
3521 13 13 54 24 0 8
3529 13 13 54 24 0 8
3537 13 13 54 24 0 8
3545 13 13 54 24 0 8
3553 13 13 54 24 0 8
3561 13 13 54 24 0 8
3569 13 13 54 24 0 8
3577 13 13 54 24 0 8
3585 13 13 54 24 0 8
3593 13 13 54 24 0 8
3601 13 13 54 24 0 8
3609 13 13 54 24 0 8
3617 13 13 54 24 0 8
3625 13 13 54 24 0 8
3633 13 13 54 24 0 8
3641 13 13 54 24 0 8
3649 13 13 54 24 0 8
3657 13 13 54 24 0 8
3665 13 13 54 24 0 8
3673 13 13 54 24 0 8
3681 13 13 54 24 0 8
3689 13 13 54 24 0 8
3697 13 13 54 24 0 8
3705 13 13 54 24 0 8
3713 13 13 54 24 0 8
3721 13 13 54 24 0 8
3729 13 13 54 24 0 8
3737 13 13 54 24 0 8
3745 13 13 54 24 0 8
3753 13 13 54 24 0 8
3761 13 13 54 24 0 8
3769 13 13 54 24 0 8
3777 13 13 54 24 0 8
3785 13 13 54 24 0 8
3793 13 13 54 24 0 8
3801 13 13 54 24 0 8
3809 13 13 54 24 0 8
3817 13 13 54 24 0 8
3825 13 13 54 24 0 8
3833 13 13 54 24 0 8
3841 13 13 54 24 0 8
3849 13 13 54 24 0 8
3857 13 13 54 24 0 8
3865 13 13 54 24 0 8
3873 13 13 54 24 0 8
3881 13 13 54 24 0 8
3889 13 13 54 24 0 8
3897 13 13 54 24 0 8
3905 13 13 54 24 0 8
3913 13 13 54 24 0 8
3921 13 13 54 24 0 8
3929 13 13 54 24 0 8
3937 13 13 54 24 0 8
3945 13 13 54 24 0 8
3953 13 13 54 24 0 8
3961 13 13 54 24 0 8
3969 13 13 54 24 0 8
3977 13 13 54 24 0 8
3985 13 13 54 24 0 8
3993 13 13 54 24 0 8
4001 13 13 54 24 0 8
4009 13 13 54 24 0 8
4017 13 13 54 24 0 8
4025 13 13 54 24 0 8
4033 13 13 54 24 0 8
4041 13 13 54 24 0 8
4049 13 13 54 24 0 8
4057 13 13 54 24 0 8
4065 13 13 54 24 0 8
4073 13 13 54 24 0 8
4081 13 13 54 24 0 8
4089 13 13 54 24 0 8
4097 13 13 54 24 0 8
4105 13 13 54 24 0 8
4113 13 13 54 24 0 8
4121 13 13 54 24 0 8
4129 13 13 54 24 0 8
4137 13 13 54 24 0 8
4145 13 13 54 24 0 8
4153 13 13 54 24 0 8
4161 13 13 54 24 0 8
4169 13 13 54 24 0 8
4177 13 13 54 24 0 8
4185 13 13 54 24 0 8
4193 13 13 54 24 0 8
4201 13 13 54 24 0 8
4209 13 13 54 24 0 8
4217 13 13 54 24 0 8
4225 13 13 54 24 0 8
4233 13 13 54 24 0 8
4241 13 13 54 24 0 8
4249 13 13 54 24 0 8
4257 13 13 54 24 0 8
4265 13 13 54 24 0 8
4273 13 13 54 24 0 8
4281 13 13 54 24 0 8
4289 13 13 54 24 0 8
4297 13 13 54 24 0 8
4305 13 13 54 24 0 8
4313 13 13 54 24 0 8
4321 13 13 54 24 0 8
4329 13 13 54 24 0 8
4337 13 13 54 24 0 8
4345 13 13 54 24 0 8
4353 13 13 54 24 0 8
4361 13 13 54 24 0 8
4369 13 13 54 24 0 8
4377 13 13 54 24 0 8
4385 13 13 54 24 0 8
4393 13 13 54 24 0 8
4401 13 13 54 24 0 8
4409 13 13 54 24 0 8
4417 13 13 54 24 0 8
4425 13 13 54 24 0 8
4433 13 13 54 24 0 8
4441 13 13 54 24 0 8
4449 13 13 54 24 0 8
4457 13 13 54 24 0 8
4465 13 13 54 24 0 8
4473 13 13 54 24 0 8
4481 13 13 54 24 0 8
4489 13 13 54 24 0 8
4497 13 13 54 24 0 8
4505 13 13 54 24 0 8
4513 13 13 54 24 0 8
4521 13 13 54 24 0 8
4529 13 13 54 24 0 8
4537 13 13 54 24 0 8
4545 13 13 54 24 0 8
4553 13 13 54 24 0 8
4561 13 13 54 24 0 8
4569 13 13 54 24 0 8
4577 13 13 54 24 0 8
4585 13 13 54 24 0 8
4593 13 13 54 24 0 8
4601 13 13 54 24 0 8
4609 13 13 54 24 0 8
4617 13 13 54 24 0 8
4625 13 13 54 24 0 8
4633 13 13 54 24 0 8
4641 13 13 54 24 0 8
4649 13 13 54 24 0 8
4657 13 13 54 24 0 8
4665 13 13 54 24 0 8
4673 13 13 54 24 0 8
4681 13 13 54 24 0 8
4689 13 13 54 24 0 8
4697 13 13 54 24 0 8
4705 13 13 54 24 0 8
4713 13 13 54 24 0 8
4721 13 13 54 24 0 8
4729 13 13 54 24 0 8
4737 13 13 54 24 0 8
4745 13 13 54 24 0 8
4753 13 13 54 24 0 8
4761 13 13 54 24 0 8
4769 13 13 54 24 0 8
4777 13 13 54 24 0 8
4785 13 13 54 24 0 8
4793 13 13 54 24 0 8
4801 13 13 54 24 0 8
4809 13 13 54 24 0 8
4817 13 13 54 24 0 8
4825 13 13 54 24 0 8
4833 13 13 54 24 0 8
4841 13 13 54 24 0 8
4849 13 13 54 24 0 8
4857 13 13 54 24 0 8
4865 13 13 54 24 0 8
4873 13 13 54 24 0 8
4881 13 13 54 24 0 8
4889 13 13 54 24 0 8
4897 13 13 54 24 0 8
4905 13 13 54 24 0 8
4913 13 13 54 24 0 8
4921 13 13 54 24 0 8
4929 13 13 54 24 0 8
4937 13 13 54 24 0 8
4945 13 13 54 24 0 8
4953 13 13 54 24 0 8
4961 13 13 54 24 0 8
4969 13 13 54 24 0 8
4977 13 13 54 24 0 8
4985 13 13 54 24 0 8
4993 13 13 54 24 0 8
5001 13 13 54 24 0 8
5009 13 13 54 24 0 8
5017 13 13 54 24 0 8
5025 13 13 54 24 0 8
5033 13 13 54 24 0 8
5041 13 13 54 24 0 8
5049 13 13 54 24 0 8
5057 13 13 54 24 0 8
5065 13 13 54 24 0 8
5073 13 13 54 24 0 8
5081 13 13 54 24 0 8
5089 13 13 54 24 0 8
5097 13 13 54 24 0 8
5105 13 13 54 24 0 8
5113 13 13 54 24 0 8
